-3839072563320220138
-2448846607849991729
-1559790343727974963
4406471425994804233
6638539876247605447
-4525941192142496208
5369166378017764492
-8058352733189032916
-5135105744390489784
-4996213365959559333
-724328867052683071
-6504547273722910555
-692506129728491388
2681551058434197453
-7226282432067347614
-5959445567259796470
4839512238218513946
-4027584807498436138
-7555767963407092905
505732483770638852
8229903565026656988
-2213592588150606312
3422241068885471229
-6272258126556676654
-6283369001717331120
-1859975115507783156
4118435476147440548
-3048576035182591803
-4376484283542736334
8387824373686976124
1967827733612199442
-3626782153730885438
8218100483110626032
3272037902604424714
-1637785474901362945
5381746154564775619
4546790165625031725
-8996226776037676120
3671129035915782295
4856119873324250454
-6616307983521246658
-3652505847756895970
7789764448496771579
-6146179241606035684
1942418732089446832
6438090859984653704
5649407905062664640
-7099392230472682165
-7501570964833537600
-8520259026660981803