Optimal path [nodeId(time to the node):
17(0) -> 60(142) -> 75(125) -> 11(127) -> 24(135) -> 71(151) -> 3(116) -> 33(120) -> 28(131) -> 53(135) -> 32(136) -> 7(118) -> 85(133) -> 9(130) -> 79(145) -> 61(133) -> 51(133) -> 2(117) -> 64(135) -> 73(110) -> 25(125) -> 13(121) -> 30(122) -> 15(133) -> 87(126) -> 82(136) -> 94(129) -> 6(114) -> 26(148) -> 8(138) -> 67(139) -> 1(126) -> 98(134) -> 37(115) -> 21(109) -> 59(140) -> 66(129) -> 55(117) -> 40(134) -> 43(124) -> 74(122) -> 83(141) -> 80(116) -> 44(113) -> 70(123) -> 48(144) -> 10(134) -> 69(134) -> 65(125) -> 19(108) -> 38(138) -> 89(118) -> 31(136) -> 91(127) -> 12(146) -> 20(128) -> 63(131) -> 35(121) -> 29(143) -> 58(127) -> 45(137) -> 72(139) -> 52(118) -> 95(137) -> 39(128) -> 97(127) -> 14(122) -> 23(136) -> 41(135) -> 22(127) -> 56(132) -> 54(115) -> 46(132) -> 0(125) -> 62(127) -> 77(138) -> 34(120) -> 57(117) -> 5(142) -> 47(139) -> 92(141) -> 90(115) -> 36(122) -> 84(122) -> 68(118) -> 27(112) -> 49(128) -> 16(125) -> 96(125) -> 93(125) -> 42(143) -> 76(141) -> 88(126) -> 86(123) -> 50(126) -> 78(125) -> 4(155) -> 18(138) -> 81(146) -> 99(139)
Total time of delivery: 12794
The cost function value: 12794

Statistics at the end of simulation: 
Residents: 5432871
Illness cases: 5290816 --> [97.38526830473243%]
Healthy residents: 142055 --> [2.614731695267567%]
Vaccinated residents142055 --> [2.614731695267567%]

Statistics of each node: 
id residentsNumber illnessCases healthyResidents vaccinated
17 27216 1 27215 27215
60 91794 69 91725 91725
75 26017 2902 23115 23115
11 84816 84816 0 0
24 37355 37355 0 0
71 23666 23666 0 0
3 57882 57882 0 0
33 13135 13135 0 0
28 91749 91749 0 0
53 61988 61988 0 0
32 59165 59165 0 0
7 29243 29243 0 0
85 44972 44972 0 0
9 60305 60305 0 0
79 84379 84379 0 0
61 25643 25643 0 0
51 94699 94699 0 0
2 43074 43074 0 0
64 22353 22353 0 0
73 49077 49077 0 0
25 67586 67586 0 0
13 61304 61304 0 0
30 67192 67192 0 0
15 78003 78003 0 0
87 20655 20655 0 0
82 15231 15231 0 0
94 76894 76894 0 0
6 12672 12672 0 0
26 26605 26605 0 0
8 45160 45160 0 0
67 37842 37842 0 0
1 49456 49456 0 0
98 93006 93006 0 0
37 51694 51694 0 0
21 82806 82806 0 0
59 83546 83546 0 0
66 26230 26230 0 0
55 88344 88344 0 0
40 31222 31222 0 0
43 79446 79446 0 0
74 81649 81649 0 0
83 46841 46841 0 0
80 67722 67722 0 0
44 15573 15573 0 0
70 36163 36163 0 0
48 13555 13555 0 0
10 95932 95932 0 0
69 66112 66112 0 0
65 70610 70610 0 0
19 87851 87851 0 0
38 33030 33030 0 0
89 68284 68284 0 0
31 69146 69146 0 0
91 32862 32862 0 0
12 79926 79926 0 0
20 48774 48774 0 0
63 51706 51706 0 0
35 96767 96767 0 0
29 15814 15814 0 0
58 16081 16081 0 0
45 46217 46217 0 0
72 90063 90063 0 0
52 63153 63153 0 0
95 71066 71066 0 0
39 32804 32804 0 0
97 86845 86845 0 0
14 81887 81887 0 0
23 20873 20873 0 0
41 91808 91808 0 0
22 73621 73621 0 0
56 80108 80108 0 0
54 69376 69376 0 0
46 73816 73816 0 0
0 59902 59902 0 0
62 19500 19500 0 0
77 28452 28452 0 0
34 28894 28894 0 0
57 39724 39724 0 0
5 15364 15364 0 0
47 98952 98952 0 0
92 24523 24523 0 0
90 80008 80008 0 0
36 85682 85682 0 0
84 70627 70627 0 0
68 42462 42462 0 0
27 80174 80174 0 0
49 19584 19584 0 0
16 82700 82700 0 0
96 73344 73344 0 0
93 39916 39916 0 0
42 68898 68898 0 0
76 31382 31382 0 0
88 37474 37474 0 0
86 26732 26732 0 0
50 30829 30829 0 0
78 57716 57716 0 0
4 56018 56018 0 0
18 16978 16978 0 0
81 89526 89526 0 0
99 28053 28053 0 0

Statistics step by step: 
minute residentsNumber illnessCases healthyResidents vaccinated
0 5432871 100 5432771 27215
10 5432871 100 5432771 27215
20 5432871 100 5432771 27215
30 5432871 199 5432672 27215
40 5432871 298 5432573 27215
50 5432871 397 5432474 27215
60 5432871 595 5432276 27215
70 5432871 793 5432078 27215
80 5432871 991 5431880 27215
90 5432871 1387 5431484 27215
100 5432871 1882 5430989 27215
110 5432871 2575 5430296 27215
120 5432871 3565 5429306 27215
130 5432871 4753 5428118 27215
140 5432871 6436 5426435 27215
150 5432871 8694 5424177 118940
160 5432871 11634 5421237 118940
170 5432871 15750 5417121 118940
180 5432871 21238 5411633 118940
190 5432871 28588 5404283 118940
200 5432871 38486 5394385 118940
210 5432871 51912 5380959 118940
220 5432871 69944 5362927 118940
230 5432871 94248 5338623 118940
240 5432871 127078 5305793 118940
250 5432871 171276 5261595 118940
260 5432871 230762 5202109 118940
270 5432871 310850 5122021 142055
280 5432871 418035 5014836 142055
290 5432871 562468 4870403 142055
300 5432871 757244 4675627 142055
310 5432871 1019726 4413145 142055
320 5432871 1370460 4062411 142055
330 5432871 1813511 3619360 142055
340 5432871 2368172 3064699 142055
350 5432871 3019447 2413424 142055
360 5432871 3763605 1669266 142055
370 5432871 4564161 868710 142055
380 5432871 5201682 231189 142055
390 5432871 5290816 142055 142055
400 5432871 5290816 142055 142055
410 5432871 5290816 142055 142055
420 5432871 5290816 142055 142055
430 5432871 5290816 142055 142055
440 5432871 5290816 142055 142055
450 5432871 5290816 142055 142055
460 5432871 5290816 142055 142055
470 5432871 5290816 142055 142055
480 5432871 5290816 142055 142055
490 5432871 5290816 142055 142055
500 5432871 5290816 142055 142055
510 5432871 5290816 142055 142055
520 5432871 5290816 142055 142055
530 5432871 5290816 142055 142055
540 5432871 5290816 142055 142055
550 5432871 5290816 142055 142055
560 5432871 5290816 142055 142055
570 5432871 5290816 142055 142055
580 5432871 5290816 142055 142055
590 5432871 5290816 142055 142055
600 5432871 5290816 142055 142055
610 5432871 5290816 142055 142055
620 5432871 5290816 142055 142055
630 5432871 5290816 142055 142055
640 5432871 5290816 142055 142055
650 5432871 5290816 142055 142055
660 5432871 5290816 142055 142055
670 5432871 5290816 142055 142055
680 5432871 5290816 142055 142055
690 5432871 5290816 142055 142055
700 5432871 5290816 142055 142055
710 5432871 5290816 142055 142055
720 5432871 5290816 142055 142055
730 5432871 5290816 142055 142055
740 5432871 5290816 142055 142055
750 5432871 5290816 142055 142055
760 5432871 5290816 142055 142055
770 5432871 5290816 142055 142055
780 5432871 5290816 142055 142055
790 5432871 5290816 142055 142055
800 5432871 5290816 142055 142055
810 5432871 5290816 142055 142055
820 5432871 5290816 142055 142055
830 5432871 5290816 142055 142055
840 5432871 5290816 142055 142055
850 5432871 5290816 142055 142055
860 5432871 5290816 142055 142055
870 5432871 5290816 142055 142055
880 5432871 5290816 142055 142055
890 5432871 5290816 142055 142055
900 5432871 5290816 142055 142055
910 5432871 5290816 142055 142055
920 5432871 5290816 142055 142055
930 5432871 5290816 142055 142055
940 5432871 5290816 142055 142055
950 5432871 5290816 142055 142055
960 5432871 5290816 142055 142055
970 5432871 5290816 142055 142055
980 5432871 5290816 142055 142055
990 5432871 5290816 142055 142055
1000 5432871 5290816 142055 142055
1010 5432871 5290816 142055 142055
1020 5432871 5290816 142055 142055
1030 5432871 5290816 142055 142055
1040 5432871 5290816 142055 142055
1050 5432871 5290816 142055 142055
1060 5432871 5290816 142055 142055
1070 5432871 5290816 142055 142055
1080 5432871 5290816 142055 142055
1090 5432871 5290816 142055 142055
1100 5432871 5290816 142055 142055
1110 5432871 5290816 142055 142055
1120 5432871 5290816 142055 142055
1130 5432871 5290816 142055 142055
1140 5432871 5290816 142055 142055
1150 5432871 5290816 142055 142055
1160 5432871 5290816 142055 142055
1170 5432871 5290816 142055 142055
1180 5432871 5290816 142055 142055
1190 5432871 5290816 142055 142055
1200 5432871 5290816 142055 142055
1210 5432871 5290816 142055 142055
1220 5432871 5290816 142055 142055
1230 5432871 5290816 142055 142055
1240 5432871 5290816 142055 142055
1250 5432871 5290816 142055 142055
1260 5432871 5290816 142055 142055
1270 5432871 5290816 142055 142055
1280 5432871 5290816 142055 142055
1290 5432871 5290816 142055 142055
1300 5432871 5290816 142055 142055
1310 5432871 5290816 142055 142055
1320 5432871 5290816 142055 142055
1330 5432871 5290816 142055 142055
1340 5432871 5290816 142055 142055
1350 5432871 5290816 142055 142055
1360 5432871 5290816 142055 142055
1370 5432871 5290816 142055 142055
1380 5432871 5290816 142055 142055
1390 5432871 5290816 142055 142055
1400 5432871 5290816 142055 142055
1410 5432871 5290816 142055 142055
1420 5432871 5290816 142055 142055
1430 5432871 5290816 142055 142055
1440 5432871 5290816 142055 142055
1450 5432871 5290816 142055 142055
1460 5432871 5290816 142055 142055
1470 5432871 5290816 142055 142055
1480 5432871 5290816 142055 142055
1490 5432871 5290816 142055 142055
1500 5432871 5290816 142055 142055
1510 5432871 5290816 142055 142055
1520 5432871 5290816 142055 142055
1530 5432871 5290816 142055 142055
1540 5432871 5290816 142055 142055
1550 5432871 5290816 142055 142055
1560 5432871 5290816 142055 142055
1570 5432871 5290816 142055 142055
1580 5432871 5290816 142055 142055
1590 5432871 5290816 142055 142055
1600 5432871 5290816 142055 142055
1610 5432871 5290816 142055 142055
1620 5432871 5290816 142055 142055
1630 5432871 5290816 142055 142055
1640 5432871 5290816 142055 142055
1650 5432871 5290816 142055 142055
1660 5432871 5290816 142055 142055
1670 5432871 5290816 142055 142055
1680 5432871 5290816 142055 142055
1690 5432871 5290816 142055 142055
1700 5432871 5290816 142055 142055
1710 5432871 5290816 142055 142055
1720 5432871 5290816 142055 142055
1730 5432871 5290816 142055 142055
1740 5432871 5290816 142055 142055
1750 5432871 5290816 142055 142055
1760 5432871 5290816 142055 142055
1770 5432871 5290816 142055 142055
1780 5432871 5290816 142055 142055
1790 5432871 5290816 142055 142055
1800 5432871 5290816 142055 142055
1810 5432871 5290816 142055 142055
1820 5432871 5290816 142055 142055
1830 5432871 5290816 142055 142055
1840 5432871 5290816 142055 142055
1850 5432871 5290816 142055 142055
1860 5432871 5290816 142055 142055
1870 5432871 5290816 142055 142055
1880 5432871 5290816 142055 142055
1890 5432871 5290816 142055 142055
1900 5432871 5290816 142055 142055
1910 5432871 5290816 142055 142055
1920 5432871 5290816 142055 142055
1930 5432871 5290816 142055 142055
1940 5432871 5290816 142055 142055
1950 5432871 5290816 142055 142055
1960 5432871 5290816 142055 142055
1970 5432871 5290816 142055 142055
1980 5432871 5290816 142055 142055
1990 5432871 5290816 142055 142055
2000 5432871 5290816 142055 142055
2010 5432871 5290816 142055 142055
2020 5432871 5290816 142055 142055
2030 5432871 5290816 142055 142055
2040 5432871 5290816 142055 142055
2050 5432871 5290816 142055 142055
2060 5432871 5290816 142055 142055
2070 5432871 5290816 142055 142055
2080 5432871 5290816 142055 142055
2090 5432871 5290816 142055 142055
2100 5432871 5290816 142055 142055
2110 5432871 5290816 142055 142055
2120 5432871 5290816 142055 142055
2130 5432871 5290816 142055 142055
2140 5432871 5290816 142055 142055
2150 5432871 5290816 142055 142055
2160 5432871 5290816 142055 142055
2170 5432871 5290816 142055 142055
2180 5432871 5290816 142055 142055
2190 5432871 5290816 142055 142055
2200 5432871 5290816 142055 142055
2210 5432871 5290816 142055 142055
2220 5432871 5290816 142055 142055
2230 5432871 5290816 142055 142055
2240 5432871 5290816 142055 142055
2250 5432871 5290816 142055 142055
2260 5432871 5290816 142055 142055
2270 5432871 5290816 142055 142055
2280 5432871 5290816 142055 142055
2290 5432871 5290816 142055 142055
2300 5432871 5290816 142055 142055
2310 5432871 5290816 142055 142055
2320 5432871 5290816 142055 142055
2330 5432871 5290816 142055 142055
2340 5432871 5290816 142055 142055
2350 5432871 5290816 142055 142055
2360 5432871 5290816 142055 142055
2370 5432871 5290816 142055 142055
2380 5432871 5290816 142055 142055
2390 5432871 5290816 142055 142055
2400 5432871 5290816 142055 142055
2410 5432871 5290816 142055 142055
2420 5432871 5290816 142055 142055
2430 5432871 5290816 142055 142055
2440 5432871 5290816 142055 142055
2450 5432871 5290816 142055 142055
2460 5432871 5290816 142055 142055
2470 5432871 5290816 142055 142055
2480 5432871 5290816 142055 142055
2490 5432871 5290816 142055 142055
2500 5432871 5290816 142055 142055
2510 5432871 5290816 142055 142055
2520 5432871 5290816 142055 142055
2530 5432871 5290816 142055 142055
2540 5432871 5290816 142055 142055
2550 5432871 5290816 142055 142055
2560 5432871 5290816 142055 142055
2570 5432871 5290816 142055 142055
2580 5432871 5290816 142055 142055
2590 5432871 5290816 142055 142055
2600 5432871 5290816 142055 142055
2610 5432871 5290816 142055 142055
2620 5432871 5290816 142055 142055
2630 5432871 5290816 142055 142055
2640 5432871 5290816 142055 142055
2650 5432871 5290816 142055 142055
2660 5432871 5290816 142055 142055
2670 5432871 5290816 142055 142055
2680 5432871 5290816 142055 142055
2690 5432871 5290816 142055 142055
2700 5432871 5290816 142055 142055
2710 5432871 5290816 142055 142055
2720 5432871 5290816 142055 142055
2730 5432871 5290816 142055 142055
2740 5432871 5290816 142055 142055
2750 5432871 5290816 142055 142055
2760 5432871 5290816 142055 142055
2770 5432871 5290816 142055 142055
2780 5432871 5290816 142055 142055
2790 5432871 5290816 142055 142055
2800 5432871 5290816 142055 142055
2810 5432871 5290816 142055 142055
2820 5432871 5290816 142055 142055
2830 5432871 5290816 142055 142055
2840 5432871 5290816 142055 142055
2850 5432871 5290816 142055 142055
2860 5432871 5290816 142055 142055
2870 5432871 5290816 142055 142055
2880 5432871 5290816 142055 142055
2890 5432871 5290816 142055 142055
2900 5432871 5290816 142055 142055
2910 5432871 5290816 142055 142055
2920 5432871 5290816 142055 142055
2930 5432871 5290816 142055 142055
2940 5432871 5290816 142055 142055
2950 5432871 5290816 142055 142055
2960 5432871 5290816 142055 142055
2970 5432871 5290816 142055 142055
2980 5432871 5290816 142055 142055
2990 5432871 5290816 142055 142055
3000 5432871 5290816 142055 142055
3010 5432871 5290816 142055 142055
3020 5432871 5290816 142055 142055
3030 5432871 5290816 142055 142055
3040 5432871 5290816 142055 142055
3050 5432871 5290816 142055 142055
3060 5432871 5290816 142055 142055
3070 5432871 5290816 142055 142055
3080 5432871 5290816 142055 142055
3090 5432871 5290816 142055 142055
3100 5432871 5290816 142055 142055
3110 5432871 5290816 142055 142055
3120 5432871 5290816 142055 142055
3130 5432871 5290816 142055 142055
3140 5432871 5290816 142055 142055
3150 5432871 5290816 142055 142055
3160 5432871 5290816 142055 142055
3170 5432871 5290816 142055 142055
3180 5432871 5290816 142055 142055
3190 5432871 5290816 142055 142055
3200 5432871 5290816 142055 142055
3210 5432871 5290816 142055 142055
3220 5432871 5290816 142055 142055
3230 5432871 5290816 142055 142055
3240 5432871 5290816 142055 142055
3250 5432871 5290816 142055 142055
3260 5432871 5290816 142055 142055
3270 5432871 5290816 142055 142055
3280 5432871 5290816 142055 142055
3290 5432871 5290816 142055 142055
3300 5432871 5290816 142055 142055
3310 5432871 5290816 142055 142055
3320 5432871 5290816 142055 142055
3330 5432871 5290816 142055 142055
3340 5432871 5290816 142055 142055
3350 5432871 5290816 142055 142055
3360 5432871 5290816 142055 142055
3370 5432871 5290816 142055 142055
3380 5432871 5290816 142055 142055
3390 5432871 5290816 142055 142055
3400 5432871 5290816 142055 142055
3410 5432871 5290816 142055 142055
3420 5432871 5290816 142055 142055
3430 5432871 5290816 142055 142055
3440 5432871 5290816 142055 142055
3450 5432871 5290816 142055 142055
3460 5432871 5290816 142055 142055
3470 5432871 5290816 142055 142055
3480 5432871 5290816 142055 142055
3490 5432871 5290816 142055 142055
3500 5432871 5290816 142055 142055
3510 5432871 5290816 142055 142055
3520 5432871 5290816 142055 142055
3530 5432871 5290816 142055 142055
3540 5432871 5290816 142055 142055
3550 5432871 5290816 142055 142055
3560 5432871 5290816 142055 142055
3570 5432871 5290816 142055 142055
3580 5432871 5290816 142055 142055
3590 5432871 5290816 142055 142055
3600 5432871 5290816 142055 142055
3610 5432871 5290816 142055 142055
3620 5432871 5290816 142055 142055
3630 5432871 5290816 142055 142055
3640 5432871 5290816 142055 142055
3650 5432871 5290816 142055 142055
3660 5432871 5290816 142055 142055
3670 5432871 5290816 142055 142055
3680 5432871 5290816 142055 142055
3690 5432871 5290816 142055 142055
3700 5432871 5290816 142055 142055
3710 5432871 5290816 142055 142055
3720 5432871 5290816 142055 142055
3730 5432871 5290816 142055 142055
3740 5432871 5290816 142055 142055
3750 5432871 5290816 142055 142055
3760 5432871 5290816 142055 142055
3770 5432871 5290816 142055 142055
3780 5432871 5290816 142055 142055
3790 5432871 5290816 142055 142055
3800 5432871 5290816 142055 142055
3810 5432871 5290816 142055 142055
3820 5432871 5290816 142055 142055
3830 5432871 5290816 142055 142055
3840 5432871 5290816 142055 142055
3850 5432871 5290816 142055 142055
3860 5432871 5290816 142055 142055
3870 5432871 5290816 142055 142055
3880 5432871 5290816 142055 142055
3890 5432871 5290816 142055 142055
3900 5432871 5290816 142055 142055
3910 5432871 5290816 142055 142055
3920 5432871 5290816 142055 142055
3930 5432871 5290816 142055 142055
3940 5432871 5290816 142055 142055
3950 5432871 5290816 142055 142055
3960 5432871 5290816 142055 142055
3970 5432871 5290816 142055 142055
3980 5432871 5290816 142055 142055
3990 5432871 5290816 142055 142055
4000 5432871 5290816 142055 142055
4010 5432871 5290816 142055 142055
4020 5432871 5290816 142055 142055
4030 5432871 5290816 142055 142055
4040 5432871 5290816 142055 142055
4050 5432871 5290816 142055 142055
4060 5432871 5290816 142055 142055
4070 5432871 5290816 142055 142055
4080 5432871 5290816 142055 142055
4090 5432871 5290816 142055 142055
4100 5432871 5290816 142055 142055
4110 5432871 5290816 142055 142055
4120 5432871 5290816 142055 142055
4130 5432871 5290816 142055 142055
4140 5432871 5290816 142055 142055
4150 5432871 5290816 142055 142055
4160 5432871 5290816 142055 142055
4170 5432871 5290816 142055 142055
4180 5432871 5290816 142055 142055
4190 5432871 5290816 142055 142055
4200 5432871 5290816 142055 142055
4210 5432871 5290816 142055 142055
4220 5432871 5290816 142055 142055
4230 5432871 5290816 142055 142055
4240 5432871 5290816 142055 142055
4250 5432871 5290816 142055 142055
4260 5432871 5290816 142055 142055
4270 5432871 5290816 142055 142055
4280 5432871 5290816 142055 142055
4290 5432871 5290816 142055 142055
4300 5432871 5290816 142055 142055
4310 5432871 5290816 142055 142055
4320 5432871 5290816 142055 142055
4330 5432871 5290816 142055 142055
4340 5432871 5290816 142055 142055
4350 5432871 5290816 142055 142055
4360 5432871 5290816 142055 142055
4370 5432871 5290816 142055 142055
4380 5432871 5290816 142055 142055
4390 5432871 5290816 142055 142055
4400 5432871 5290816 142055 142055
4410 5432871 5290816 142055 142055
4420 5432871 5290816 142055 142055
4430 5432871 5290816 142055 142055
4440 5432871 5290816 142055 142055
4450 5432871 5290816 142055 142055
4460 5432871 5290816 142055 142055
4470 5432871 5290816 142055 142055
4480 5432871 5290816 142055 142055
4490 5432871 5290816 142055 142055
4500 5432871 5290816 142055 142055
4510 5432871 5290816 142055 142055
4520 5432871 5290816 142055 142055
4530 5432871 5290816 142055 142055
4540 5432871 5290816 142055 142055
4550 5432871 5290816 142055 142055
4560 5432871 5290816 142055 142055
4570 5432871 5290816 142055 142055
4580 5432871 5290816 142055 142055
4590 5432871 5290816 142055 142055
4600 5432871 5290816 142055 142055
4610 5432871 5290816 142055 142055
4620 5432871 5290816 142055 142055
4630 5432871 5290816 142055 142055
4640 5432871 5290816 142055 142055
4650 5432871 5290816 142055 142055
4660 5432871 5290816 142055 142055
4670 5432871 5290816 142055 142055
4680 5432871 5290816 142055 142055
4690 5432871 5290816 142055 142055
4700 5432871 5290816 142055 142055
4710 5432871 5290816 142055 142055
4720 5432871 5290816 142055 142055
4730 5432871 5290816 142055 142055
4740 5432871 5290816 142055 142055
4750 5432871 5290816 142055 142055
4760 5432871 5290816 142055 142055
4770 5432871 5290816 142055 142055
4780 5432871 5290816 142055 142055
4790 5432871 5290816 142055 142055
4800 5432871 5290816 142055 142055
4810 5432871 5290816 142055 142055
4820 5432871 5290816 142055 142055
4830 5432871 5290816 142055 142055
4840 5432871 5290816 142055 142055
4850 5432871 5290816 142055 142055
4860 5432871 5290816 142055 142055
4870 5432871 5290816 142055 142055
4880 5432871 5290816 142055 142055
4890 5432871 5290816 142055 142055
4900 5432871 5290816 142055 142055
4910 5432871 5290816 142055 142055
4920 5432871 5290816 142055 142055
4930 5432871 5290816 142055 142055
4940 5432871 5290816 142055 142055
4950 5432871 5290816 142055 142055
4960 5432871 5290816 142055 142055
4970 5432871 5290816 142055 142055
4980 5432871 5290816 142055 142055
4990 5432871 5290816 142055 142055
5000 5432871 5290816 142055 142055
5010 5432871 5290816 142055 142055
5020 5432871 5290816 142055 142055
5030 5432871 5290816 142055 142055
5040 5432871 5290816 142055 142055
5050 5432871 5290816 142055 142055
5060 5432871 5290816 142055 142055
5070 5432871 5290816 142055 142055
5080 5432871 5290816 142055 142055
5090 5432871 5290816 142055 142055
5100 5432871 5290816 142055 142055
5110 5432871 5290816 142055 142055
5120 5432871 5290816 142055 142055
5130 5432871 5290816 142055 142055
5140 5432871 5290816 142055 142055
5150 5432871 5290816 142055 142055
5160 5432871 5290816 142055 142055
5170 5432871 5290816 142055 142055
5180 5432871 5290816 142055 142055
5190 5432871 5290816 142055 142055
5200 5432871 5290816 142055 142055
5210 5432871 5290816 142055 142055
5220 5432871 5290816 142055 142055
5230 5432871 5290816 142055 142055
5240 5432871 5290816 142055 142055
5250 5432871 5290816 142055 142055
5260 5432871 5290816 142055 142055
5270 5432871 5290816 142055 142055
5280 5432871 5290816 142055 142055
5290 5432871 5290816 142055 142055
5300 5432871 5290816 142055 142055
5310 5432871 5290816 142055 142055
5320 5432871 5290816 142055 142055
5330 5432871 5290816 142055 142055
5340 5432871 5290816 142055 142055
5350 5432871 5290816 142055 142055
5360 5432871 5290816 142055 142055
5370 5432871 5290816 142055 142055
5380 5432871 5290816 142055 142055
5390 5432871 5290816 142055 142055
5400 5432871 5290816 142055 142055
5410 5432871 5290816 142055 142055
5420 5432871 5290816 142055 142055
5430 5432871 5290816 142055 142055
5440 5432871 5290816 142055 142055
5450 5432871 5290816 142055 142055
5460 5432871 5290816 142055 142055
5470 5432871 5290816 142055 142055
5480 5432871 5290816 142055 142055
5490 5432871 5290816 142055 142055
5500 5432871 5290816 142055 142055
5510 5432871 5290816 142055 142055
5520 5432871 5290816 142055 142055
5530 5432871 5290816 142055 142055
5540 5432871 5290816 142055 142055
5550 5432871 5290816 142055 142055
5560 5432871 5290816 142055 142055
5570 5432871 5290816 142055 142055
5580 5432871 5290816 142055 142055
5590 5432871 5290816 142055 142055
5600 5432871 5290816 142055 142055
5610 5432871 5290816 142055 142055
5620 5432871 5290816 142055 142055
5630 5432871 5290816 142055 142055
5640 5432871 5290816 142055 142055
5650 5432871 5290816 142055 142055
5660 5432871 5290816 142055 142055
5670 5432871 5290816 142055 142055
5680 5432871 5290816 142055 142055
5690 5432871 5290816 142055 142055
5700 5432871 5290816 142055 142055
5710 5432871 5290816 142055 142055
5720 5432871 5290816 142055 142055
5730 5432871 5290816 142055 142055
5740 5432871 5290816 142055 142055
5750 5432871 5290816 142055 142055
5760 5432871 5290816 142055 142055
5770 5432871 5290816 142055 142055
5780 5432871 5290816 142055 142055
5790 5432871 5290816 142055 142055
5800 5432871 5290816 142055 142055
5810 5432871 5290816 142055 142055
5820 5432871 5290816 142055 142055
5830 5432871 5290816 142055 142055
5840 5432871 5290816 142055 142055
5850 5432871 5290816 142055 142055
5860 5432871 5290816 142055 142055
5870 5432871 5290816 142055 142055
5880 5432871 5290816 142055 142055
5890 5432871 5290816 142055 142055
5900 5432871 5290816 142055 142055
5910 5432871 5290816 142055 142055
5920 5432871 5290816 142055 142055
5930 5432871 5290816 142055 142055
5940 5432871 5290816 142055 142055
5950 5432871 5290816 142055 142055
5960 5432871 5290816 142055 142055
5970 5432871 5290816 142055 142055
5980 5432871 5290816 142055 142055
5990 5432871 5290816 142055 142055
6000 5432871 5290816 142055 142055
6010 5432871 5290816 142055 142055
6020 5432871 5290816 142055 142055
6030 5432871 5290816 142055 142055
6040 5432871 5290816 142055 142055
6050 5432871 5290816 142055 142055
6060 5432871 5290816 142055 142055
6070 5432871 5290816 142055 142055
6080 5432871 5290816 142055 142055
6090 5432871 5290816 142055 142055
6100 5432871 5290816 142055 142055
6110 5432871 5290816 142055 142055
6120 5432871 5290816 142055 142055
6130 5432871 5290816 142055 142055
6140 5432871 5290816 142055 142055
6150 5432871 5290816 142055 142055
6160 5432871 5290816 142055 142055
6170 5432871 5290816 142055 142055
6180 5432871 5290816 142055 142055
6190 5432871 5290816 142055 142055
6200 5432871 5290816 142055 142055
6210 5432871 5290816 142055 142055
6220 5432871 5290816 142055 142055
6230 5432871 5290816 142055 142055
6240 5432871 5290816 142055 142055
6250 5432871 5290816 142055 142055
6260 5432871 5290816 142055 142055
6270 5432871 5290816 142055 142055
6280 5432871 5290816 142055 142055
6290 5432871 5290816 142055 142055
6300 5432871 5290816 142055 142055
6310 5432871 5290816 142055 142055
6320 5432871 5290816 142055 142055
6330 5432871 5290816 142055 142055
6340 5432871 5290816 142055 142055
6350 5432871 5290816 142055 142055
6360 5432871 5290816 142055 142055
6370 5432871 5290816 142055 142055
6380 5432871 5290816 142055 142055
6390 5432871 5290816 142055 142055
6400 5432871 5290816 142055 142055
6410 5432871 5290816 142055 142055
6420 5432871 5290816 142055 142055
6430 5432871 5290816 142055 142055
6440 5432871 5290816 142055 142055
6450 5432871 5290816 142055 142055
6460 5432871 5290816 142055 142055
6470 5432871 5290816 142055 142055
6480 5432871 5290816 142055 142055
6490 5432871 5290816 142055 142055
6500 5432871 5290816 142055 142055
6510 5432871 5290816 142055 142055
6520 5432871 5290816 142055 142055
6530 5432871 5290816 142055 142055
6540 5432871 5290816 142055 142055
6550 5432871 5290816 142055 142055
6560 5432871 5290816 142055 142055
6570 5432871 5290816 142055 142055
6580 5432871 5290816 142055 142055
6590 5432871 5290816 142055 142055
6600 5432871 5290816 142055 142055
6610 5432871 5290816 142055 142055
6620 5432871 5290816 142055 142055
6630 5432871 5290816 142055 142055
6640 5432871 5290816 142055 142055
6650 5432871 5290816 142055 142055
6660 5432871 5290816 142055 142055
6670 5432871 5290816 142055 142055
6680 5432871 5290816 142055 142055
6690 5432871 5290816 142055 142055
6700 5432871 5290816 142055 142055
6710 5432871 5290816 142055 142055
6720 5432871 5290816 142055 142055
6730 5432871 5290816 142055 142055
6740 5432871 5290816 142055 142055
6750 5432871 5290816 142055 142055
6760 5432871 5290816 142055 142055
6770 5432871 5290816 142055 142055
6780 5432871 5290816 142055 142055
6790 5432871 5290816 142055 142055
6800 5432871 5290816 142055 142055
6810 5432871 5290816 142055 142055
6820 5432871 5290816 142055 142055
6830 5432871 5290816 142055 142055
6840 5432871 5290816 142055 142055
6850 5432871 5290816 142055 142055
6860 5432871 5290816 142055 142055
6870 5432871 5290816 142055 142055
6880 5432871 5290816 142055 142055
6890 5432871 5290816 142055 142055
6900 5432871 5290816 142055 142055
6910 5432871 5290816 142055 142055
6920 5432871 5290816 142055 142055
6930 5432871 5290816 142055 142055
6940 5432871 5290816 142055 142055
6950 5432871 5290816 142055 142055
6960 5432871 5290816 142055 142055
6970 5432871 5290816 142055 142055
6980 5432871 5290816 142055 142055
6990 5432871 5290816 142055 142055
7000 5432871 5290816 142055 142055
7010 5432871 5290816 142055 142055
7020 5432871 5290816 142055 142055
7030 5432871 5290816 142055 142055
7040 5432871 5290816 142055 142055
7050 5432871 5290816 142055 142055
7060 5432871 5290816 142055 142055
7070 5432871 5290816 142055 142055
7080 5432871 5290816 142055 142055
7090 5432871 5290816 142055 142055
7100 5432871 5290816 142055 142055
7110 5432871 5290816 142055 142055
7120 5432871 5290816 142055 142055
7130 5432871 5290816 142055 142055
7140 5432871 5290816 142055 142055
7150 5432871 5290816 142055 142055
7160 5432871 5290816 142055 142055
7170 5432871 5290816 142055 142055
7180 5432871 5290816 142055 142055
7190 5432871 5290816 142055 142055
7200 5432871 5290816 142055 142055
7210 5432871 5290816 142055 142055
7220 5432871 5290816 142055 142055
7230 5432871 5290816 142055 142055
7240 5432871 5290816 142055 142055
7250 5432871 5290816 142055 142055
7260 5432871 5290816 142055 142055
7270 5432871 5290816 142055 142055
7280 5432871 5290816 142055 142055
7290 5432871 5290816 142055 142055
7300 5432871 5290816 142055 142055
7310 5432871 5290816 142055 142055
7320 5432871 5290816 142055 142055
7330 5432871 5290816 142055 142055
7340 5432871 5290816 142055 142055
7350 5432871 5290816 142055 142055
7360 5432871 5290816 142055 142055
7370 5432871 5290816 142055 142055
7380 5432871 5290816 142055 142055
7390 5432871 5290816 142055 142055
7400 5432871 5290816 142055 142055
7410 5432871 5290816 142055 142055
7420 5432871 5290816 142055 142055
7430 5432871 5290816 142055 142055
7440 5432871 5290816 142055 142055
7450 5432871 5290816 142055 142055
7460 5432871 5290816 142055 142055
7470 5432871 5290816 142055 142055
7480 5432871 5290816 142055 142055
7490 5432871 5290816 142055 142055
7500 5432871 5290816 142055 142055
7510 5432871 5290816 142055 142055
7520 5432871 5290816 142055 142055
7530 5432871 5290816 142055 142055
7540 5432871 5290816 142055 142055
7550 5432871 5290816 142055 142055
7560 5432871 5290816 142055 142055
7570 5432871 5290816 142055 142055
7580 5432871 5290816 142055 142055
7590 5432871 5290816 142055 142055
7600 5432871 5290816 142055 142055
7610 5432871 5290816 142055 142055
7620 5432871 5290816 142055 142055
7630 5432871 5290816 142055 142055
7640 5432871 5290816 142055 142055
7650 5432871 5290816 142055 142055
7660 5432871 5290816 142055 142055
7670 5432871 5290816 142055 142055
7680 5432871 5290816 142055 142055
7690 5432871 5290816 142055 142055
7700 5432871 5290816 142055 142055
7710 5432871 5290816 142055 142055
7720 5432871 5290816 142055 142055
7730 5432871 5290816 142055 142055
7740 5432871 5290816 142055 142055
7750 5432871 5290816 142055 142055
7760 5432871 5290816 142055 142055
7770 5432871 5290816 142055 142055
7780 5432871 5290816 142055 142055
7790 5432871 5290816 142055 142055
7800 5432871 5290816 142055 142055
7810 5432871 5290816 142055 142055
7820 5432871 5290816 142055 142055
7830 5432871 5290816 142055 142055
7840 5432871 5290816 142055 142055
7850 5432871 5290816 142055 142055
7860 5432871 5290816 142055 142055
7870 5432871 5290816 142055 142055
7880 5432871 5290816 142055 142055
7890 5432871 5290816 142055 142055
7900 5432871 5290816 142055 142055
7910 5432871 5290816 142055 142055
7920 5432871 5290816 142055 142055
7930 5432871 5290816 142055 142055
7940 5432871 5290816 142055 142055
7950 5432871 5290816 142055 142055
7960 5432871 5290816 142055 142055
7970 5432871 5290816 142055 142055
7980 5432871 5290816 142055 142055
7990 5432871 5290816 142055 142055
8000 5432871 5290816 142055 142055
8010 5432871 5290816 142055 142055
8020 5432871 5290816 142055 142055
8030 5432871 5290816 142055 142055
8040 5432871 5290816 142055 142055
8050 5432871 5290816 142055 142055
8060 5432871 5290816 142055 142055
8070 5432871 5290816 142055 142055
8080 5432871 5290816 142055 142055
8090 5432871 5290816 142055 142055
8100 5432871 5290816 142055 142055
8110 5432871 5290816 142055 142055
8120 5432871 5290816 142055 142055
8130 5432871 5290816 142055 142055
8140 5432871 5290816 142055 142055
8150 5432871 5290816 142055 142055
8160 5432871 5290816 142055 142055
8170 5432871 5290816 142055 142055
8180 5432871 5290816 142055 142055
8190 5432871 5290816 142055 142055
8200 5432871 5290816 142055 142055
8210 5432871 5290816 142055 142055
8220 5432871 5290816 142055 142055
8230 5432871 5290816 142055 142055
8240 5432871 5290816 142055 142055
8250 5432871 5290816 142055 142055
8260 5432871 5290816 142055 142055
8270 5432871 5290816 142055 142055
8280 5432871 5290816 142055 142055
8290 5432871 5290816 142055 142055
8300 5432871 5290816 142055 142055
8310 5432871 5290816 142055 142055
8320 5432871 5290816 142055 142055
8330 5432871 5290816 142055 142055
8340 5432871 5290816 142055 142055
8350 5432871 5290816 142055 142055
8360 5432871 5290816 142055 142055
8370 5432871 5290816 142055 142055
8380 5432871 5290816 142055 142055
8390 5432871 5290816 142055 142055
8400 5432871 5290816 142055 142055
8410 5432871 5290816 142055 142055
8420 5432871 5290816 142055 142055
8430 5432871 5290816 142055 142055
8440 5432871 5290816 142055 142055
8450 5432871 5290816 142055 142055
8460 5432871 5290816 142055 142055
8470 5432871 5290816 142055 142055
8480 5432871 5290816 142055 142055
8490 5432871 5290816 142055 142055
8500 5432871 5290816 142055 142055
8510 5432871 5290816 142055 142055
8520 5432871 5290816 142055 142055
8530 5432871 5290816 142055 142055
8540 5432871 5290816 142055 142055
8550 5432871 5290816 142055 142055
8560 5432871 5290816 142055 142055
8570 5432871 5290816 142055 142055
8580 5432871 5290816 142055 142055
8590 5432871 5290816 142055 142055
8600 5432871 5290816 142055 142055
8610 5432871 5290816 142055 142055
8620 5432871 5290816 142055 142055
8630 5432871 5290816 142055 142055
8640 5432871 5290816 142055 142055
8650 5432871 5290816 142055 142055
8660 5432871 5290816 142055 142055
8670 5432871 5290816 142055 142055
8680 5432871 5290816 142055 142055
8690 5432871 5290816 142055 142055
8700 5432871 5290816 142055 142055
8710 5432871 5290816 142055 142055
8720 5432871 5290816 142055 142055
8730 5432871 5290816 142055 142055
8740 5432871 5290816 142055 142055
8750 5432871 5290816 142055 142055
8760 5432871 5290816 142055 142055
8770 5432871 5290816 142055 142055
8780 5432871 5290816 142055 142055
8790 5432871 5290816 142055 142055
8800 5432871 5290816 142055 142055
8810 5432871 5290816 142055 142055
8820 5432871 5290816 142055 142055
8830 5432871 5290816 142055 142055
8840 5432871 5290816 142055 142055
8850 5432871 5290816 142055 142055
8860 5432871 5290816 142055 142055
8870 5432871 5290816 142055 142055
8880 5432871 5290816 142055 142055
8890 5432871 5290816 142055 142055
8900 5432871 5290816 142055 142055
8910 5432871 5290816 142055 142055
8920 5432871 5290816 142055 142055
8930 5432871 5290816 142055 142055
8940 5432871 5290816 142055 142055
8950 5432871 5290816 142055 142055
8960 5432871 5290816 142055 142055
8970 5432871 5290816 142055 142055
8980 5432871 5290816 142055 142055
8990 5432871 5290816 142055 142055
9000 5432871 5290816 142055 142055
9010 5432871 5290816 142055 142055
9020 5432871 5290816 142055 142055
9030 5432871 5290816 142055 142055
9040 5432871 5290816 142055 142055
9050 5432871 5290816 142055 142055
9060 5432871 5290816 142055 142055
9070 5432871 5290816 142055 142055
9080 5432871 5290816 142055 142055
9090 5432871 5290816 142055 142055
9100 5432871 5290816 142055 142055
9110 5432871 5290816 142055 142055
9120 5432871 5290816 142055 142055
9130 5432871 5290816 142055 142055
9140 5432871 5290816 142055 142055
9150 5432871 5290816 142055 142055
9160 5432871 5290816 142055 142055
9170 5432871 5290816 142055 142055
9180 5432871 5290816 142055 142055
9190 5432871 5290816 142055 142055
9200 5432871 5290816 142055 142055
9210 5432871 5290816 142055 142055
9220 5432871 5290816 142055 142055
9230 5432871 5290816 142055 142055
9240 5432871 5290816 142055 142055
9250 5432871 5290816 142055 142055
9260 5432871 5290816 142055 142055
9270 5432871 5290816 142055 142055
9280 5432871 5290816 142055 142055
9290 5432871 5290816 142055 142055
9300 5432871 5290816 142055 142055
9310 5432871 5290816 142055 142055
9320 5432871 5290816 142055 142055
9330 5432871 5290816 142055 142055
9340 5432871 5290816 142055 142055
9350 5432871 5290816 142055 142055
9360 5432871 5290816 142055 142055
9370 5432871 5290816 142055 142055
9380 5432871 5290816 142055 142055
9390 5432871 5290816 142055 142055
9400 5432871 5290816 142055 142055
9410 5432871 5290816 142055 142055
9420 5432871 5290816 142055 142055
9430 5432871 5290816 142055 142055
9440 5432871 5290816 142055 142055
9450 5432871 5290816 142055 142055
9460 5432871 5290816 142055 142055
9470 5432871 5290816 142055 142055
9480 5432871 5290816 142055 142055
9490 5432871 5290816 142055 142055
9500 5432871 5290816 142055 142055
9510 5432871 5290816 142055 142055
9520 5432871 5290816 142055 142055
9530 5432871 5290816 142055 142055
9540 5432871 5290816 142055 142055
9550 5432871 5290816 142055 142055
9560 5432871 5290816 142055 142055
9570 5432871 5290816 142055 142055
9580 5432871 5290816 142055 142055
9590 5432871 5290816 142055 142055
9600 5432871 5290816 142055 142055
9610 5432871 5290816 142055 142055
9620 5432871 5290816 142055 142055
9630 5432871 5290816 142055 142055
9640 5432871 5290816 142055 142055
9650 5432871 5290816 142055 142055
9660 5432871 5290816 142055 142055
9670 5432871 5290816 142055 142055
9680 5432871 5290816 142055 142055
9690 5432871 5290816 142055 142055
9700 5432871 5290816 142055 142055
9710 5432871 5290816 142055 142055
9720 5432871 5290816 142055 142055
9730 5432871 5290816 142055 142055
9740 5432871 5290816 142055 142055
9750 5432871 5290816 142055 142055
9760 5432871 5290816 142055 142055
9770 5432871 5290816 142055 142055
9780 5432871 5290816 142055 142055
9790 5432871 5290816 142055 142055
9800 5432871 5290816 142055 142055
9810 5432871 5290816 142055 142055
9820 5432871 5290816 142055 142055
9830 5432871 5290816 142055 142055
9840 5432871 5290816 142055 142055
9850 5432871 5290816 142055 142055
9860 5432871 5290816 142055 142055
9870 5432871 5290816 142055 142055
9880 5432871 5290816 142055 142055
9890 5432871 5290816 142055 142055
9900 5432871 5290816 142055 142055
9910 5432871 5290816 142055 142055
9920 5432871 5290816 142055 142055
9930 5432871 5290816 142055 142055
9940 5432871 5290816 142055 142055
9950 5432871 5290816 142055 142055
9960 5432871 5290816 142055 142055
9970 5432871 5290816 142055 142055
9980 5432871 5290816 142055 142055
9990 5432871 5290816 142055 142055
10000 5432871 5290816 142055 142055
10010 5432871 5290816 142055 142055
10020 5432871 5290816 142055 142055
10030 5432871 5290816 142055 142055
10040 5432871 5290816 142055 142055
10050 5432871 5290816 142055 142055
10060 5432871 5290816 142055 142055
10070 5432871 5290816 142055 142055
10080 5432871 5290816 142055 142055
10090 5432871 5290816 142055 142055
10100 5432871 5290816 142055 142055
10110 5432871 5290816 142055 142055
10120 5432871 5290816 142055 142055
10130 5432871 5290816 142055 142055
10140 5432871 5290816 142055 142055
10150 5432871 5290816 142055 142055
10160 5432871 5290816 142055 142055
10170 5432871 5290816 142055 142055
10180 5432871 5290816 142055 142055
10190 5432871 5290816 142055 142055
10200 5432871 5290816 142055 142055
10210 5432871 5290816 142055 142055
10220 5432871 5290816 142055 142055
10230 5432871 5290816 142055 142055
10240 5432871 5290816 142055 142055
10250 5432871 5290816 142055 142055
10260 5432871 5290816 142055 142055
10270 5432871 5290816 142055 142055
10280 5432871 5290816 142055 142055
10290 5432871 5290816 142055 142055
10300 5432871 5290816 142055 142055
10310 5432871 5290816 142055 142055
10320 5432871 5290816 142055 142055
10330 5432871 5290816 142055 142055
10340 5432871 5290816 142055 142055
10350 5432871 5290816 142055 142055
10360 5432871 5290816 142055 142055
10370 5432871 5290816 142055 142055
10380 5432871 5290816 142055 142055
10390 5432871 5290816 142055 142055
10400 5432871 5290816 142055 142055
10410 5432871 5290816 142055 142055
10420 5432871 5290816 142055 142055
10430 5432871 5290816 142055 142055
10440 5432871 5290816 142055 142055
10450 5432871 5290816 142055 142055
10460 5432871 5290816 142055 142055
10470 5432871 5290816 142055 142055
10480 5432871 5290816 142055 142055
10490 5432871 5290816 142055 142055
10500 5432871 5290816 142055 142055
10510 5432871 5290816 142055 142055
10520 5432871 5290816 142055 142055
10530 5432871 5290816 142055 142055
10540 5432871 5290816 142055 142055
10550 5432871 5290816 142055 142055
10560 5432871 5290816 142055 142055
10570 5432871 5290816 142055 142055
10580 5432871 5290816 142055 142055
10590 5432871 5290816 142055 142055
10600 5432871 5290816 142055 142055
10610 5432871 5290816 142055 142055
10620 5432871 5290816 142055 142055
10630 5432871 5290816 142055 142055
10640 5432871 5290816 142055 142055
10650 5432871 5290816 142055 142055
10660 5432871 5290816 142055 142055
10670 5432871 5290816 142055 142055
10680 5432871 5290816 142055 142055
10690 5432871 5290816 142055 142055
10700 5432871 5290816 142055 142055
10710 5432871 5290816 142055 142055
10720 5432871 5290816 142055 142055
10730 5432871 5290816 142055 142055
10740 5432871 5290816 142055 142055
10750 5432871 5290816 142055 142055
10760 5432871 5290816 142055 142055
10770 5432871 5290816 142055 142055
10780 5432871 5290816 142055 142055
10790 5432871 5290816 142055 142055
10800 5432871 5290816 142055 142055
10810 5432871 5290816 142055 142055
10820 5432871 5290816 142055 142055
10830 5432871 5290816 142055 142055
10840 5432871 5290816 142055 142055
10850 5432871 5290816 142055 142055
10860 5432871 5290816 142055 142055
10870 5432871 5290816 142055 142055
10880 5432871 5290816 142055 142055
10890 5432871 5290816 142055 142055
10900 5432871 5290816 142055 142055
10910 5432871 5290816 142055 142055
10920 5432871 5290816 142055 142055
10930 5432871 5290816 142055 142055
10940 5432871 5290816 142055 142055
10950 5432871 5290816 142055 142055
10960 5432871 5290816 142055 142055
10970 5432871 5290816 142055 142055
10980 5432871 5290816 142055 142055
10990 5432871 5290816 142055 142055
11000 5432871 5290816 142055 142055
11010 5432871 5290816 142055 142055
11020 5432871 5290816 142055 142055
11030 5432871 5290816 142055 142055
11040 5432871 5290816 142055 142055
11050 5432871 5290816 142055 142055
11060 5432871 5290816 142055 142055
11070 5432871 5290816 142055 142055
11080 5432871 5290816 142055 142055
11090 5432871 5290816 142055 142055
11100 5432871 5290816 142055 142055
11110 5432871 5290816 142055 142055
11120 5432871 5290816 142055 142055
11130 5432871 5290816 142055 142055
11140 5432871 5290816 142055 142055
11150 5432871 5290816 142055 142055
11160 5432871 5290816 142055 142055
11170 5432871 5290816 142055 142055
11180 5432871 5290816 142055 142055
11190 5432871 5290816 142055 142055
11200 5432871 5290816 142055 142055
11210 5432871 5290816 142055 142055
11220 5432871 5290816 142055 142055
11230 5432871 5290816 142055 142055
11240 5432871 5290816 142055 142055
11250 5432871 5290816 142055 142055
11260 5432871 5290816 142055 142055
11270 5432871 5290816 142055 142055
11280 5432871 5290816 142055 142055
11290 5432871 5290816 142055 142055
11300 5432871 5290816 142055 142055
11310 5432871 5290816 142055 142055
11320 5432871 5290816 142055 142055
11330 5432871 5290816 142055 142055
11340 5432871 5290816 142055 142055
11350 5432871 5290816 142055 142055
11360 5432871 5290816 142055 142055
11370 5432871 5290816 142055 142055
11380 5432871 5290816 142055 142055
11390 5432871 5290816 142055 142055
11400 5432871 5290816 142055 142055
11410 5432871 5290816 142055 142055
11420 5432871 5290816 142055 142055
11430 5432871 5290816 142055 142055
11440 5432871 5290816 142055 142055
11450 5432871 5290816 142055 142055
11460 5432871 5290816 142055 142055
11470 5432871 5290816 142055 142055
11480 5432871 5290816 142055 142055
11490 5432871 5290816 142055 142055
11500 5432871 5290816 142055 142055
11510 5432871 5290816 142055 142055
11520 5432871 5290816 142055 142055
11530 5432871 5290816 142055 142055
11540 5432871 5290816 142055 142055
11550 5432871 5290816 142055 142055
11560 5432871 5290816 142055 142055
11570 5432871 5290816 142055 142055
11580 5432871 5290816 142055 142055
11590 5432871 5290816 142055 142055
11600 5432871 5290816 142055 142055
11610 5432871 5290816 142055 142055
11620 5432871 5290816 142055 142055
11630 5432871 5290816 142055 142055
11640 5432871 5290816 142055 142055
11650 5432871 5290816 142055 142055
11660 5432871 5290816 142055 142055
11670 5432871 5290816 142055 142055
11680 5432871 5290816 142055 142055
11690 5432871 5290816 142055 142055
11700 5432871 5290816 142055 142055
11710 5432871 5290816 142055 142055
11720 5432871 5290816 142055 142055
11730 5432871 5290816 142055 142055
11740 5432871 5290816 142055 142055
11750 5432871 5290816 142055 142055
11760 5432871 5290816 142055 142055
11770 5432871 5290816 142055 142055
11780 5432871 5290816 142055 142055
11790 5432871 5290816 142055 142055
11800 5432871 5290816 142055 142055
11810 5432871 5290816 142055 142055
11820 5432871 5290816 142055 142055
11830 5432871 5290816 142055 142055
11840 5432871 5290816 142055 142055
11850 5432871 5290816 142055 142055
11860 5432871 5290816 142055 142055
11870 5432871 5290816 142055 142055
11880 5432871 5290816 142055 142055
11890 5432871 5290816 142055 142055
11900 5432871 5290816 142055 142055
11910 5432871 5290816 142055 142055
11920 5432871 5290816 142055 142055
11930 5432871 5290816 142055 142055
11940 5432871 5290816 142055 142055
11950 5432871 5290816 142055 142055
11960 5432871 5290816 142055 142055
11970 5432871 5290816 142055 142055
11980 5432871 5290816 142055 142055
11990 5432871 5290816 142055 142055
12000 5432871 5290816 142055 142055
12010 5432871 5290816 142055 142055
12020 5432871 5290816 142055 142055
12030 5432871 5290816 142055 142055
12040 5432871 5290816 142055 142055
12050 5432871 5290816 142055 142055
12060 5432871 5290816 142055 142055
12070 5432871 5290816 142055 142055
12080 5432871 5290816 142055 142055
12090 5432871 5290816 142055 142055
12100 5432871 5290816 142055 142055
12110 5432871 5290816 142055 142055
12120 5432871 5290816 142055 142055
12130 5432871 5290816 142055 142055
12140 5432871 5290816 142055 142055
12150 5432871 5290816 142055 142055
12160 5432871 5290816 142055 142055
12170 5432871 5290816 142055 142055
12180 5432871 5290816 142055 142055
12190 5432871 5290816 142055 142055
12200 5432871 5290816 142055 142055
12210 5432871 5290816 142055 142055
12220 5432871 5290816 142055 142055
12230 5432871 5290816 142055 142055
12240 5432871 5290816 142055 142055
12250 5432871 5290816 142055 142055
12260 5432871 5290816 142055 142055
12270 5432871 5290816 142055 142055
12280 5432871 5290816 142055 142055
12290 5432871 5290816 142055 142055
12300 5432871 5290816 142055 142055
12310 5432871 5290816 142055 142055
12320 5432871 5290816 142055 142055
12330 5432871 5290816 142055 142055
12340 5432871 5290816 142055 142055
12350 5432871 5290816 142055 142055
12360 5432871 5290816 142055 142055
12370 5432871 5290816 142055 142055
12380 5432871 5290816 142055 142055
12390 5432871 5290816 142055 142055
12400 5432871 5290816 142055 142055
12410 5432871 5290816 142055 142055
12420 5432871 5290816 142055 142055
12430 5432871 5290816 142055 142055
12440 5432871 5290816 142055 142055
12450 5432871 5290816 142055 142055
12460 5432871 5290816 142055 142055
12470 5432871 5290816 142055 142055
12480 5432871 5290816 142055 142055
12490 5432871 5290816 142055 142055
12500 5432871 5290816 142055 142055
12510 5432871 5290816 142055 142055
12520 5432871 5290816 142055 142055
12530 5432871 5290816 142055 142055
12540 5432871 5290816 142055 142055
12550 5432871 5290816 142055 142055
12560 5432871 5290816 142055 142055
12570 5432871 5290816 142055 142055
12580 5432871 5290816 142055 142055
12590 5432871 5290816 142055 142055
12600 5432871 5290816 142055 142055
12610 5432871 5290816 142055 142055
12620 5432871 5290816 142055 142055
12630 5432871 5290816 142055 142055
12640 5432871 5290816 142055 142055
12650 5432871 5290816 142055 142055
12660 5432871 5290816 142055 142055
12670 5432871 5290816 142055 142055
12680 5432871 5290816 142055 142055
12690 5432871 5290816 142055 142055
12700 5432871 5290816 142055 142055
12710 5432871 5290816 142055 142055
12720 5432871 5290816 142055 142055
12730 5432871 5290816 142055 142055
12740 5432871 5290816 142055 142055
12750 5432871 5290816 142055 142055
12760 5432871 5290816 142055 142055
12770 5432871 5290816 142055 142055
12780 5432871 5290816 142055 142055
12790 5432871 5290816 142055 142055

