Optimal path [nodeId(time to the node):
17(0) -> 37(149) -> 56(139) -> 80(123) -> 91(124) -> 66(132) -> 61(122) -> 79(142) -> 54(133) -> 63(135) -> 95(123) -> 57(118) -> 10(131) -> 85(150) -> 42(136) -> 88(145) -> 99(143) -> 78(138) -> 46(142) -> 27(128) -> 15(155) -> 73(148) -> 53(122) -> 83(140) -> 71(159) -> 0(125) -> 96(155) -> 62(130) -> 31(130) -> 51(118) -> 30(143) -> 24(125) -> 68(141) -> 9(132) -> 75(149) -> 90(122) -> 33(127) -> 98(131) -> 29(128) -> 92(126) -> 55(118) -> 72(124) -> 69(134) -> 36(136) -> 16(138) -> 28(116) -> 12(132) -> 8(142) -> 13(125) -> 18(141) -> 86(140) -> 52(126) -> 41(127) -> 4(146) -> 6(123) -> 2(127) -> 49(122) -> 40(147) -> 44(107) -> 97(134) -> 45(135) -> 50(144) -> 25(123) -> 74(139) -> 87(131) -> 11(125) -> 93(126) -> 43(132) -> 5(135) -> 3(151) -> 65(132) -> 22(105) -> 58(119) -> 34(114) -> 32(152) -> 94(143) -> 60(135) -> 59(131) -> 47(145) -> 81(112) -> 19(140) -> 39(125) -> 1(122) -> 77(137) -> 64(128) -> 26(142) -> 38(127) -> 70(114) -> 23(127) -> 67(112) -> 7(149) -> 76(105) -> 35(128) -> 89(142) -> 84(135) -> 82(121) -> 20(120) -> 21(126) -> 14(141) -> 48(149)
Total time of delivery: 13083
The cost function value: 2646227

Statistics at the end of simulation: 
Residents: 5432871
Illness cases: 5279373 --> [97.17464302023735%]
Healthy residents: 153498 --> [2.825356979762634%]
Vaccinated residents153498 --> [2.825356979762634%]

Statistics of each node: 
id residentsNumber illnessCases healthyResidents vaccinated
17 27216 1 27215 27215
37 51694 85 51609 51609
56 80108 5434 74674 74674
80 67722 67722 0 0
91 32862 32862 0 0
66 26230 26230 0 0
61 25643 25643 0 0
79 84379 84379 0 0
54 69376 69376 0 0
63 51706 51706 0 0
95 71066 71066 0 0
57 39724 39724 0 0
10 95932 95932 0 0
85 44972 44972 0 0
42 68898 68898 0 0
88 37474 37474 0 0
99 28053 28053 0 0
78 57716 57716 0 0
46 73816 73816 0 0
27 80174 80174 0 0
15 78003 78003 0 0
73 49077 49077 0 0
53 61988 61988 0 0
83 46841 46841 0 0
71 23666 23666 0 0
0 59902 59902 0 0
96 73344 73344 0 0
62 19500 19500 0 0
31 69146 69146 0 0
51 94699 94699 0 0
30 67192 67192 0 0
24 37355 37355 0 0
68 42462 42462 0 0
9 60305 60305 0 0
75 26017 26017 0 0
90 80008 80008 0 0
33 13135 13135 0 0
98 93006 93006 0 0
29 15814 15814 0 0
92 24523 24523 0 0
55 88344 88344 0 0
72 90063 90063 0 0
69 66112 66112 0 0
36 85682 85682 0 0
16 82700 82700 0 0
28 91749 91749 0 0
12 79926 79926 0 0
8 45160 45160 0 0
13 61304 61304 0 0
18 16978 16978 0 0
86 26732 26732 0 0
52 63153 63153 0 0
41 91808 91808 0 0
4 56018 56018 0 0
6 12672 12672 0 0
2 43074 43074 0 0
49 19584 19584 0 0
40 31222 31222 0 0
44 15573 15573 0 0
97 86845 86845 0 0
45 46217 46217 0 0
50 30829 30829 0 0
25 67586 67586 0 0
74 81649 81649 0 0
87 20655 20655 0 0
11 84816 84816 0 0
93 39916 39916 0 0
43 79446 79446 0 0
5 15364 15364 0 0
3 57882 57882 0 0
65 70610 70610 0 0
22 73621 73621 0 0
58 16081 16081 0 0
34 28894 28894 0 0
32 59165 59165 0 0
94 76894 76894 0 0
60 91794 91794 0 0
59 83546 83546 0 0
47 98952 98952 0 0
81 89526 89526 0 0
19 87851 87851 0 0
39 32804 32804 0 0
1 49456 49456 0 0
77 28452 28452 0 0
64 22353 22353 0 0
26 26605 26605 0 0
38 33030 33030 0 0
70 36163 36163 0 0
23 20873 20873 0 0
67 37842 37842 0 0
7 29243 29243 0 0
76 31382 31382 0 0
35 96767 96767 0 0
89 68284 68284 0 0
84 70627 70627 0 0
82 15231 15231 0 0
20 48774 48774 0 0
21 82806 82806 0 0
14 81887 81887 0 0
48 13555 13555 0 0

Statistics step by step: 
minute residentsNumber illnessCases healthyResidents vaccinated
0 5432871 100 5432771 27215
10 5432871 100 5432771 27215
20 5432871 100 5432771 27215
30 5432871 199 5432672 27215
40 5432871 298 5432573 27215
50 5432871 397 5432474 27215
60 5432871 595 5432276 27215
70 5432871 793 5432078 27215
80 5432871 991 5431880 27215
90 5432871 1387 5431484 27215
100 5432871 1882 5430989 27215
110 5432871 2575 5430296 27215
120 5432871 3565 5429306 27215
130 5432871 4753 5428118 27215
140 5432871 6436 5426435 27215
150 5432871 8710 5424161 78824
160 5432871 11650 5421221 78824
170 5432871 15766 5417105 78824
180 5432871 21254 5411617 78824
190 5432871 28604 5404267 78824
200 5432871 38502 5394369 78824
210 5432871 51928 5380943 78824
220 5432871 69960 5362911 78824
230 5432871 94264 5338607 78824
240 5432871 127094 5305777 78824
250 5432871 171292 5261579 78824
260 5432871 230778 5202093 78824
270 5432871 311138 5121733 78824
280 5432871 419428 5013443 78824
290 5432871 565016 4867855 153498
300 5432871 759792 4673079 153498
310 5432871 1022274 4410597 153498
320 5432871 1373008 4059863 153498
330 5432871 1816059 3616812 153498
340 5432871 2370720 3062151 153498
350 5432871 3013401 2419470 153498
360 5432871 3745514 1687357 153498
370 5432871 4541032 891839 153498
380 5432871 5183224 249647 153498
390 5432871 5279373 153498 153498
400 5432871 5279373 153498 153498
410 5432871 5279373 153498 153498
420 5432871 5279373 153498 153498
430 5432871 5279373 153498 153498
440 5432871 5279373 153498 153498
450 5432871 5279373 153498 153498
460 5432871 5279373 153498 153498
470 5432871 5279373 153498 153498
480 5432871 5279373 153498 153498
490 5432871 5279373 153498 153498
500 5432871 5279373 153498 153498
510 5432871 5279373 153498 153498
520 5432871 5279373 153498 153498
530 5432871 5279373 153498 153498
540 5432871 5279373 153498 153498
550 5432871 5279373 153498 153498
560 5432871 5279373 153498 153498
570 5432871 5279373 153498 153498
580 5432871 5279373 153498 153498
590 5432871 5279373 153498 153498
600 5432871 5279373 153498 153498
610 5432871 5279373 153498 153498
620 5432871 5279373 153498 153498
630 5432871 5279373 153498 153498
640 5432871 5279373 153498 153498
650 5432871 5279373 153498 153498
660 5432871 5279373 153498 153498
670 5432871 5279373 153498 153498
680 5432871 5279373 153498 153498
690 5432871 5279373 153498 153498
700 5432871 5279373 153498 153498
710 5432871 5279373 153498 153498
720 5432871 5279373 153498 153498
730 5432871 5279373 153498 153498
740 5432871 5279373 153498 153498
750 5432871 5279373 153498 153498
760 5432871 5279373 153498 153498
770 5432871 5279373 153498 153498
780 5432871 5279373 153498 153498
790 5432871 5279373 153498 153498
800 5432871 5279373 153498 153498
810 5432871 5279373 153498 153498
820 5432871 5279373 153498 153498
830 5432871 5279373 153498 153498
840 5432871 5279373 153498 153498
850 5432871 5279373 153498 153498
860 5432871 5279373 153498 153498
870 5432871 5279373 153498 153498
880 5432871 5279373 153498 153498
890 5432871 5279373 153498 153498
900 5432871 5279373 153498 153498
910 5432871 5279373 153498 153498
920 5432871 5279373 153498 153498
930 5432871 5279373 153498 153498
940 5432871 5279373 153498 153498
950 5432871 5279373 153498 153498
960 5432871 5279373 153498 153498
970 5432871 5279373 153498 153498
980 5432871 5279373 153498 153498
990 5432871 5279373 153498 153498
1000 5432871 5279373 153498 153498
1010 5432871 5279373 153498 153498
1020 5432871 5279373 153498 153498
1030 5432871 5279373 153498 153498
1040 5432871 5279373 153498 153498
1050 5432871 5279373 153498 153498
1060 5432871 5279373 153498 153498
1070 5432871 5279373 153498 153498
1080 5432871 5279373 153498 153498
1090 5432871 5279373 153498 153498
1100 5432871 5279373 153498 153498
1110 5432871 5279373 153498 153498
1120 5432871 5279373 153498 153498
1130 5432871 5279373 153498 153498
1140 5432871 5279373 153498 153498
1150 5432871 5279373 153498 153498
1160 5432871 5279373 153498 153498
1170 5432871 5279373 153498 153498
1180 5432871 5279373 153498 153498
1190 5432871 5279373 153498 153498
1200 5432871 5279373 153498 153498
1210 5432871 5279373 153498 153498
1220 5432871 5279373 153498 153498
1230 5432871 5279373 153498 153498
1240 5432871 5279373 153498 153498
1250 5432871 5279373 153498 153498
1260 5432871 5279373 153498 153498
1270 5432871 5279373 153498 153498
1280 5432871 5279373 153498 153498
1290 5432871 5279373 153498 153498
1300 5432871 5279373 153498 153498
1310 5432871 5279373 153498 153498
1320 5432871 5279373 153498 153498
1330 5432871 5279373 153498 153498
1340 5432871 5279373 153498 153498
1350 5432871 5279373 153498 153498
1360 5432871 5279373 153498 153498
1370 5432871 5279373 153498 153498
1380 5432871 5279373 153498 153498
1390 5432871 5279373 153498 153498
1400 5432871 5279373 153498 153498
1410 5432871 5279373 153498 153498
1420 5432871 5279373 153498 153498
1430 5432871 5279373 153498 153498
1440 5432871 5279373 153498 153498
1450 5432871 5279373 153498 153498
1460 5432871 5279373 153498 153498
1470 5432871 5279373 153498 153498
1480 5432871 5279373 153498 153498
1490 5432871 5279373 153498 153498
1500 5432871 5279373 153498 153498
1510 5432871 5279373 153498 153498
1520 5432871 5279373 153498 153498
1530 5432871 5279373 153498 153498
1540 5432871 5279373 153498 153498
1550 5432871 5279373 153498 153498
1560 5432871 5279373 153498 153498
1570 5432871 5279373 153498 153498
1580 5432871 5279373 153498 153498
1590 5432871 5279373 153498 153498
1600 5432871 5279373 153498 153498
1610 5432871 5279373 153498 153498
1620 5432871 5279373 153498 153498
1630 5432871 5279373 153498 153498
1640 5432871 5279373 153498 153498
1650 5432871 5279373 153498 153498
1660 5432871 5279373 153498 153498
1670 5432871 5279373 153498 153498
1680 5432871 5279373 153498 153498
1690 5432871 5279373 153498 153498
1700 5432871 5279373 153498 153498
1710 5432871 5279373 153498 153498
1720 5432871 5279373 153498 153498
1730 5432871 5279373 153498 153498
1740 5432871 5279373 153498 153498
1750 5432871 5279373 153498 153498
1760 5432871 5279373 153498 153498
1770 5432871 5279373 153498 153498
1780 5432871 5279373 153498 153498
1790 5432871 5279373 153498 153498
1800 5432871 5279373 153498 153498
1810 5432871 5279373 153498 153498
1820 5432871 5279373 153498 153498
1830 5432871 5279373 153498 153498
1840 5432871 5279373 153498 153498
1850 5432871 5279373 153498 153498
1860 5432871 5279373 153498 153498
1870 5432871 5279373 153498 153498
1880 5432871 5279373 153498 153498
1890 5432871 5279373 153498 153498
1900 5432871 5279373 153498 153498
1910 5432871 5279373 153498 153498
1920 5432871 5279373 153498 153498
1930 5432871 5279373 153498 153498
1940 5432871 5279373 153498 153498
1950 5432871 5279373 153498 153498
1960 5432871 5279373 153498 153498
1970 5432871 5279373 153498 153498
1980 5432871 5279373 153498 153498
1990 5432871 5279373 153498 153498
2000 5432871 5279373 153498 153498
2010 5432871 5279373 153498 153498
2020 5432871 5279373 153498 153498
2030 5432871 5279373 153498 153498
2040 5432871 5279373 153498 153498
2050 5432871 5279373 153498 153498
2060 5432871 5279373 153498 153498
2070 5432871 5279373 153498 153498
2080 5432871 5279373 153498 153498
2090 5432871 5279373 153498 153498
2100 5432871 5279373 153498 153498
2110 5432871 5279373 153498 153498
2120 5432871 5279373 153498 153498
2130 5432871 5279373 153498 153498
2140 5432871 5279373 153498 153498
2150 5432871 5279373 153498 153498
2160 5432871 5279373 153498 153498
2170 5432871 5279373 153498 153498
2180 5432871 5279373 153498 153498
2190 5432871 5279373 153498 153498
2200 5432871 5279373 153498 153498
2210 5432871 5279373 153498 153498
2220 5432871 5279373 153498 153498
2230 5432871 5279373 153498 153498
2240 5432871 5279373 153498 153498
2250 5432871 5279373 153498 153498
2260 5432871 5279373 153498 153498
2270 5432871 5279373 153498 153498
2280 5432871 5279373 153498 153498
2290 5432871 5279373 153498 153498
2300 5432871 5279373 153498 153498
2310 5432871 5279373 153498 153498
2320 5432871 5279373 153498 153498
2330 5432871 5279373 153498 153498
2340 5432871 5279373 153498 153498
2350 5432871 5279373 153498 153498
2360 5432871 5279373 153498 153498
2370 5432871 5279373 153498 153498
2380 5432871 5279373 153498 153498
2390 5432871 5279373 153498 153498
2400 5432871 5279373 153498 153498
2410 5432871 5279373 153498 153498
2420 5432871 5279373 153498 153498
2430 5432871 5279373 153498 153498
2440 5432871 5279373 153498 153498
2450 5432871 5279373 153498 153498
2460 5432871 5279373 153498 153498
2470 5432871 5279373 153498 153498
2480 5432871 5279373 153498 153498
2490 5432871 5279373 153498 153498
2500 5432871 5279373 153498 153498
2510 5432871 5279373 153498 153498
2520 5432871 5279373 153498 153498
2530 5432871 5279373 153498 153498
2540 5432871 5279373 153498 153498
2550 5432871 5279373 153498 153498
2560 5432871 5279373 153498 153498
2570 5432871 5279373 153498 153498
2580 5432871 5279373 153498 153498
2590 5432871 5279373 153498 153498
2600 5432871 5279373 153498 153498
2610 5432871 5279373 153498 153498
2620 5432871 5279373 153498 153498
2630 5432871 5279373 153498 153498
2640 5432871 5279373 153498 153498
2650 5432871 5279373 153498 153498
2660 5432871 5279373 153498 153498
2670 5432871 5279373 153498 153498
2680 5432871 5279373 153498 153498
2690 5432871 5279373 153498 153498
2700 5432871 5279373 153498 153498
2710 5432871 5279373 153498 153498
2720 5432871 5279373 153498 153498
2730 5432871 5279373 153498 153498
2740 5432871 5279373 153498 153498
2750 5432871 5279373 153498 153498
2760 5432871 5279373 153498 153498
2770 5432871 5279373 153498 153498
2780 5432871 5279373 153498 153498
2790 5432871 5279373 153498 153498
2800 5432871 5279373 153498 153498
2810 5432871 5279373 153498 153498
2820 5432871 5279373 153498 153498
2830 5432871 5279373 153498 153498
2840 5432871 5279373 153498 153498
2850 5432871 5279373 153498 153498
2860 5432871 5279373 153498 153498
2870 5432871 5279373 153498 153498
2880 5432871 5279373 153498 153498
2890 5432871 5279373 153498 153498
2900 5432871 5279373 153498 153498
2910 5432871 5279373 153498 153498
2920 5432871 5279373 153498 153498
2930 5432871 5279373 153498 153498
2940 5432871 5279373 153498 153498
2950 5432871 5279373 153498 153498
2960 5432871 5279373 153498 153498
2970 5432871 5279373 153498 153498
2980 5432871 5279373 153498 153498
2990 5432871 5279373 153498 153498
3000 5432871 5279373 153498 153498
3010 5432871 5279373 153498 153498
3020 5432871 5279373 153498 153498
3030 5432871 5279373 153498 153498
3040 5432871 5279373 153498 153498
3050 5432871 5279373 153498 153498
3060 5432871 5279373 153498 153498
3070 5432871 5279373 153498 153498
3080 5432871 5279373 153498 153498
3090 5432871 5279373 153498 153498
3100 5432871 5279373 153498 153498
3110 5432871 5279373 153498 153498
3120 5432871 5279373 153498 153498
3130 5432871 5279373 153498 153498
3140 5432871 5279373 153498 153498
3150 5432871 5279373 153498 153498
3160 5432871 5279373 153498 153498
3170 5432871 5279373 153498 153498
3180 5432871 5279373 153498 153498
3190 5432871 5279373 153498 153498
3200 5432871 5279373 153498 153498
3210 5432871 5279373 153498 153498
3220 5432871 5279373 153498 153498
3230 5432871 5279373 153498 153498
3240 5432871 5279373 153498 153498
3250 5432871 5279373 153498 153498
3260 5432871 5279373 153498 153498
3270 5432871 5279373 153498 153498
3280 5432871 5279373 153498 153498
3290 5432871 5279373 153498 153498
3300 5432871 5279373 153498 153498
3310 5432871 5279373 153498 153498
3320 5432871 5279373 153498 153498
3330 5432871 5279373 153498 153498
3340 5432871 5279373 153498 153498
3350 5432871 5279373 153498 153498
3360 5432871 5279373 153498 153498
3370 5432871 5279373 153498 153498
3380 5432871 5279373 153498 153498
3390 5432871 5279373 153498 153498
3400 5432871 5279373 153498 153498
3410 5432871 5279373 153498 153498
3420 5432871 5279373 153498 153498
3430 5432871 5279373 153498 153498
3440 5432871 5279373 153498 153498
3450 5432871 5279373 153498 153498
3460 5432871 5279373 153498 153498
3470 5432871 5279373 153498 153498
3480 5432871 5279373 153498 153498
3490 5432871 5279373 153498 153498
3500 5432871 5279373 153498 153498
3510 5432871 5279373 153498 153498
3520 5432871 5279373 153498 153498
3530 5432871 5279373 153498 153498
3540 5432871 5279373 153498 153498
3550 5432871 5279373 153498 153498
3560 5432871 5279373 153498 153498
3570 5432871 5279373 153498 153498
3580 5432871 5279373 153498 153498
3590 5432871 5279373 153498 153498
3600 5432871 5279373 153498 153498
3610 5432871 5279373 153498 153498
3620 5432871 5279373 153498 153498
3630 5432871 5279373 153498 153498
3640 5432871 5279373 153498 153498
3650 5432871 5279373 153498 153498
3660 5432871 5279373 153498 153498
3670 5432871 5279373 153498 153498
3680 5432871 5279373 153498 153498
3690 5432871 5279373 153498 153498
3700 5432871 5279373 153498 153498
3710 5432871 5279373 153498 153498
3720 5432871 5279373 153498 153498
3730 5432871 5279373 153498 153498
3740 5432871 5279373 153498 153498
3750 5432871 5279373 153498 153498
3760 5432871 5279373 153498 153498
3770 5432871 5279373 153498 153498
3780 5432871 5279373 153498 153498
3790 5432871 5279373 153498 153498
3800 5432871 5279373 153498 153498
3810 5432871 5279373 153498 153498
3820 5432871 5279373 153498 153498
3830 5432871 5279373 153498 153498
3840 5432871 5279373 153498 153498
3850 5432871 5279373 153498 153498
3860 5432871 5279373 153498 153498
3870 5432871 5279373 153498 153498
3880 5432871 5279373 153498 153498
3890 5432871 5279373 153498 153498
3900 5432871 5279373 153498 153498
3910 5432871 5279373 153498 153498
3920 5432871 5279373 153498 153498
3930 5432871 5279373 153498 153498
3940 5432871 5279373 153498 153498
3950 5432871 5279373 153498 153498
3960 5432871 5279373 153498 153498
3970 5432871 5279373 153498 153498
3980 5432871 5279373 153498 153498
3990 5432871 5279373 153498 153498
4000 5432871 5279373 153498 153498
4010 5432871 5279373 153498 153498
4020 5432871 5279373 153498 153498
4030 5432871 5279373 153498 153498
4040 5432871 5279373 153498 153498
4050 5432871 5279373 153498 153498
4060 5432871 5279373 153498 153498
4070 5432871 5279373 153498 153498
4080 5432871 5279373 153498 153498
4090 5432871 5279373 153498 153498
4100 5432871 5279373 153498 153498
4110 5432871 5279373 153498 153498
4120 5432871 5279373 153498 153498
4130 5432871 5279373 153498 153498
4140 5432871 5279373 153498 153498
4150 5432871 5279373 153498 153498
4160 5432871 5279373 153498 153498
4170 5432871 5279373 153498 153498
4180 5432871 5279373 153498 153498
4190 5432871 5279373 153498 153498
4200 5432871 5279373 153498 153498
4210 5432871 5279373 153498 153498
4220 5432871 5279373 153498 153498
4230 5432871 5279373 153498 153498
4240 5432871 5279373 153498 153498
4250 5432871 5279373 153498 153498
4260 5432871 5279373 153498 153498
4270 5432871 5279373 153498 153498
4280 5432871 5279373 153498 153498
4290 5432871 5279373 153498 153498
4300 5432871 5279373 153498 153498
4310 5432871 5279373 153498 153498
4320 5432871 5279373 153498 153498
4330 5432871 5279373 153498 153498
4340 5432871 5279373 153498 153498
4350 5432871 5279373 153498 153498
4360 5432871 5279373 153498 153498
4370 5432871 5279373 153498 153498
4380 5432871 5279373 153498 153498
4390 5432871 5279373 153498 153498
4400 5432871 5279373 153498 153498
4410 5432871 5279373 153498 153498
4420 5432871 5279373 153498 153498
4430 5432871 5279373 153498 153498
4440 5432871 5279373 153498 153498
4450 5432871 5279373 153498 153498
4460 5432871 5279373 153498 153498
4470 5432871 5279373 153498 153498
4480 5432871 5279373 153498 153498
4490 5432871 5279373 153498 153498
4500 5432871 5279373 153498 153498
4510 5432871 5279373 153498 153498
4520 5432871 5279373 153498 153498
4530 5432871 5279373 153498 153498
4540 5432871 5279373 153498 153498
4550 5432871 5279373 153498 153498
4560 5432871 5279373 153498 153498
4570 5432871 5279373 153498 153498
4580 5432871 5279373 153498 153498
4590 5432871 5279373 153498 153498
4600 5432871 5279373 153498 153498
4610 5432871 5279373 153498 153498
4620 5432871 5279373 153498 153498
4630 5432871 5279373 153498 153498
4640 5432871 5279373 153498 153498
4650 5432871 5279373 153498 153498
4660 5432871 5279373 153498 153498
4670 5432871 5279373 153498 153498
4680 5432871 5279373 153498 153498
4690 5432871 5279373 153498 153498
4700 5432871 5279373 153498 153498
4710 5432871 5279373 153498 153498
4720 5432871 5279373 153498 153498
4730 5432871 5279373 153498 153498
4740 5432871 5279373 153498 153498
4750 5432871 5279373 153498 153498
4760 5432871 5279373 153498 153498
4770 5432871 5279373 153498 153498
4780 5432871 5279373 153498 153498
4790 5432871 5279373 153498 153498
4800 5432871 5279373 153498 153498
4810 5432871 5279373 153498 153498
4820 5432871 5279373 153498 153498
4830 5432871 5279373 153498 153498
4840 5432871 5279373 153498 153498
4850 5432871 5279373 153498 153498
4860 5432871 5279373 153498 153498
4870 5432871 5279373 153498 153498
4880 5432871 5279373 153498 153498
4890 5432871 5279373 153498 153498
4900 5432871 5279373 153498 153498
4910 5432871 5279373 153498 153498
4920 5432871 5279373 153498 153498
4930 5432871 5279373 153498 153498
4940 5432871 5279373 153498 153498
4950 5432871 5279373 153498 153498
4960 5432871 5279373 153498 153498
4970 5432871 5279373 153498 153498
4980 5432871 5279373 153498 153498
4990 5432871 5279373 153498 153498
5000 5432871 5279373 153498 153498
5010 5432871 5279373 153498 153498
5020 5432871 5279373 153498 153498
5030 5432871 5279373 153498 153498
5040 5432871 5279373 153498 153498
5050 5432871 5279373 153498 153498
5060 5432871 5279373 153498 153498
5070 5432871 5279373 153498 153498
5080 5432871 5279373 153498 153498
5090 5432871 5279373 153498 153498
5100 5432871 5279373 153498 153498
5110 5432871 5279373 153498 153498
5120 5432871 5279373 153498 153498
5130 5432871 5279373 153498 153498
5140 5432871 5279373 153498 153498
5150 5432871 5279373 153498 153498
5160 5432871 5279373 153498 153498
5170 5432871 5279373 153498 153498
5180 5432871 5279373 153498 153498
5190 5432871 5279373 153498 153498
5200 5432871 5279373 153498 153498
5210 5432871 5279373 153498 153498
5220 5432871 5279373 153498 153498
5230 5432871 5279373 153498 153498
5240 5432871 5279373 153498 153498
5250 5432871 5279373 153498 153498
5260 5432871 5279373 153498 153498
5270 5432871 5279373 153498 153498
5280 5432871 5279373 153498 153498
5290 5432871 5279373 153498 153498
5300 5432871 5279373 153498 153498
5310 5432871 5279373 153498 153498
5320 5432871 5279373 153498 153498
5330 5432871 5279373 153498 153498
5340 5432871 5279373 153498 153498
5350 5432871 5279373 153498 153498
5360 5432871 5279373 153498 153498
5370 5432871 5279373 153498 153498
5380 5432871 5279373 153498 153498
5390 5432871 5279373 153498 153498
5400 5432871 5279373 153498 153498
5410 5432871 5279373 153498 153498
5420 5432871 5279373 153498 153498
5430 5432871 5279373 153498 153498
5440 5432871 5279373 153498 153498
5450 5432871 5279373 153498 153498
5460 5432871 5279373 153498 153498
5470 5432871 5279373 153498 153498
5480 5432871 5279373 153498 153498
5490 5432871 5279373 153498 153498
5500 5432871 5279373 153498 153498
5510 5432871 5279373 153498 153498
5520 5432871 5279373 153498 153498
5530 5432871 5279373 153498 153498
5540 5432871 5279373 153498 153498
5550 5432871 5279373 153498 153498
5560 5432871 5279373 153498 153498
5570 5432871 5279373 153498 153498
5580 5432871 5279373 153498 153498
5590 5432871 5279373 153498 153498
5600 5432871 5279373 153498 153498
5610 5432871 5279373 153498 153498
5620 5432871 5279373 153498 153498
5630 5432871 5279373 153498 153498
5640 5432871 5279373 153498 153498
5650 5432871 5279373 153498 153498
5660 5432871 5279373 153498 153498
5670 5432871 5279373 153498 153498
5680 5432871 5279373 153498 153498
5690 5432871 5279373 153498 153498
5700 5432871 5279373 153498 153498
5710 5432871 5279373 153498 153498
5720 5432871 5279373 153498 153498
5730 5432871 5279373 153498 153498
5740 5432871 5279373 153498 153498
5750 5432871 5279373 153498 153498
5760 5432871 5279373 153498 153498
5770 5432871 5279373 153498 153498
5780 5432871 5279373 153498 153498
5790 5432871 5279373 153498 153498
5800 5432871 5279373 153498 153498
5810 5432871 5279373 153498 153498
5820 5432871 5279373 153498 153498
5830 5432871 5279373 153498 153498
5840 5432871 5279373 153498 153498
5850 5432871 5279373 153498 153498
5860 5432871 5279373 153498 153498
5870 5432871 5279373 153498 153498
5880 5432871 5279373 153498 153498
5890 5432871 5279373 153498 153498
5900 5432871 5279373 153498 153498
5910 5432871 5279373 153498 153498
5920 5432871 5279373 153498 153498
5930 5432871 5279373 153498 153498
5940 5432871 5279373 153498 153498
5950 5432871 5279373 153498 153498
5960 5432871 5279373 153498 153498
5970 5432871 5279373 153498 153498
5980 5432871 5279373 153498 153498
5990 5432871 5279373 153498 153498
6000 5432871 5279373 153498 153498
6010 5432871 5279373 153498 153498
6020 5432871 5279373 153498 153498
6030 5432871 5279373 153498 153498
6040 5432871 5279373 153498 153498
6050 5432871 5279373 153498 153498
6060 5432871 5279373 153498 153498
6070 5432871 5279373 153498 153498
6080 5432871 5279373 153498 153498
6090 5432871 5279373 153498 153498
6100 5432871 5279373 153498 153498
6110 5432871 5279373 153498 153498
6120 5432871 5279373 153498 153498
6130 5432871 5279373 153498 153498
6140 5432871 5279373 153498 153498
6150 5432871 5279373 153498 153498
6160 5432871 5279373 153498 153498
6170 5432871 5279373 153498 153498
6180 5432871 5279373 153498 153498
6190 5432871 5279373 153498 153498
6200 5432871 5279373 153498 153498
6210 5432871 5279373 153498 153498
6220 5432871 5279373 153498 153498
6230 5432871 5279373 153498 153498
6240 5432871 5279373 153498 153498
6250 5432871 5279373 153498 153498
6260 5432871 5279373 153498 153498
6270 5432871 5279373 153498 153498
6280 5432871 5279373 153498 153498
6290 5432871 5279373 153498 153498
6300 5432871 5279373 153498 153498
6310 5432871 5279373 153498 153498
6320 5432871 5279373 153498 153498
6330 5432871 5279373 153498 153498
6340 5432871 5279373 153498 153498
6350 5432871 5279373 153498 153498
6360 5432871 5279373 153498 153498
6370 5432871 5279373 153498 153498
6380 5432871 5279373 153498 153498
6390 5432871 5279373 153498 153498
6400 5432871 5279373 153498 153498
6410 5432871 5279373 153498 153498
6420 5432871 5279373 153498 153498
6430 5432871 5279373 153498 153498
6440 5432871 5279373 153498 153498
6450 5432871 5279373 153498 153498
6460 5432871 5279373 153498 153498
6470 5432871 5279373 153498 153498
6480 5432871 5279373 153498 153498
6490 5432871 5279373 153498 153498
6500 5432871 5279373 153498 153498
6510 5432871 5279373 153498 153498
6520 5432871 5279373 153498 153498
6530 5432871 5279373 153498 153498
6540 5432871 5279373 153498 153498
6550 5432871 5279373 153498 153498
6560 5432871 5279373 153498 153498
6570 5432871 5279373 153498 153498
6580 5432871 5279373 153498 153498
6590 5432871 5279373 153498 153498
6600 5432871 5279373 153498 153498
6610 5432871 5279373 153498 153498
6620 5432871 5279373 153498 153498
6630 5432871 5279373 153498 153498
6640 5432871 5279373 153498 153498
6650 5432871 5279373 153498 153498
6660 5432871 5279373 153498 153498
6670 5432871 5279373 153498 153498
6680 5432871 5279373 153498 153498
6690 5432871 5279373 153498 153498
6700 5432871 5279373 153498 153498
6710 5432871 5279373 153498 153498
6720 5432871 5279373 153498 153498
6730 5432871 5279373 153498 153498
6740 5432871 5279373 153498 153498
6750 5432871 5279373 153498 153498
6760 5432871 5279373 153498 153498
6770 5432871 5279373 153498 153498
6780 5432871 5279373 153498 153498
6790 5432871 5279373 153498 153498
6800 5432871 5279373 153498 153498
6810 5432871 5279373 153498 153498
6820 5432871 5279373 153498 153498
6830 5432871 5279373 153498 153498
6840 5432871 5279373 153498 153498
6850 5432871 5279373 153498 153498
6860 5432871 5279373 153498 153498
6870 5432871 5279373 153498 153498
6880 5432871 5279373 153498 153498
6890 5432871 5279373 153498 153498
6900 5432871 5279373 153498 153498
6910 5432871 5279373 153498 153498
6920 5432871 5279373 153498 153498
6930 5432871 5279373 153498 153498
6940 5432871 5279373 153498 153498
6950 5432871 5279373 153498 153498
6960 5432871 5279373 153498 153498
6970 5432871 5279373 153498 153498
6980 5432871 5279373 153498 153498
6990 5432871 5279373 153498 153498
7000 5432871 5279373 153498 153498
7010 5432871 5279373 153498 153498
7020 5432871 5279373 153498 153498
7030 5432871 5279373 153498 153498
7040 5432871 5279373 153498 153498
7050 5432871 5279373 153498 153498
7060 5432871 5279373 153498 153498
7070 5432871 5279373 153498 153498
7080 5432871 5279373 153498 153498
7090 5432871 5279373 153498 153498
7100 5432871 5279373 153498 153498
7110 5432871 5279373 153498 153498
7120 5432871 5279373 153498 153498
7130 5432871 5279373 153498 153498
7140 5432871 5279373 153498 153498
7150 5432871 5279373 153498 153498
7160 5432871 5279373 153498 153498
7170 5432871 5279373 153498 153498
7180 5432871 5279373 153498 153498
7190 5432871 5279373 153498 153498
7200 5432871 5279373 153498 153498
7210 5432871 5279373 153498 153498
7220 5432871 5279373 153498 153498
7230 5432871 5279373 153498 153498
7240 5432871 5279373 153498 153498
7250 5432871 5279373 153498 153498
7260 5432871 5279373 153498 153498
7270 5432871 5279373 153498 153498
7280 5432871 5279373 153498 153498
7290 5432871 5279373 153498 153498
7300 5432871 5279373 153498 153498
7310 5432871 5279373 153498 153498
7320 5432871 5279373 153498 153498
7330 5432871 5279373 153498 153498
7340 5432871 5279373 153498 153498
7350 5432871 5279373 153498 153498
7360 5432871 5279373 153498 153498
7370 5432871 5279373 153498 153498
7380 5432871 5279373 153498 153498
7390 5432871 5279373 153498 153498
7400 5432871 5279373 153498 153498
7410 5432871 5279373 153498 153498
7420 5432871 5279373 153498 153498
7430 5432871 5279373 153498 153498
7440 5432871 5279373 153498 153498
7450 5432871 5279373 153498 153498
7460 5432871 5279373 153498 153498
7470 5432871 5279373 153498 153498
7480 5432871 5279373 153498 153498
7490 5432871 5279373 153498 153498
7500 5432871 5279373 153498 153498
7510 5432871 5279373 153498 153498
7520 5432871 5279373 153498 153498
7530 5432871 5279373 153498 153498
7540 5432871 5279373 153498 153498
7550 5432871 5279373 153498 153498
7560 5432871 5279373 153498 153498
7570 5432871 5279373 153498 153498
7580 5432871 5279373 153498 153498
7590 5432871 5279373 153498 153498
7600 5432871 5279373 153498 153498
7610 5432871 5279373 153498 153498
7620 5432871 5279373 153498 153498
7630 5432871 5279373 153498 153498
7640 5432871 5279373 153498 153498
7650 5432871 5279373 153498 153498
7660 5432871 5279373 153498 153498
7670 5432871 5279373 153498 153498
7680 5432871 5279373 153498 153498
7690 5432871 5279373 153498 153498
7700 5432871 5279373 153498 153498
7710 5432871 5279373 153498 153498
7720 5432871 5279373 153498 153498
7730 5432871 5279373 153498 153498
7740 5432871 5279373 153498 153498
7750 5432871 5279373 153498 153498
7760 5432871 5279373 153498 153498
7770 5432871 5279373 153498 153498
7780 5432871 5279373 153498 153498
7790 5432871 5279373 153498 153498
7800 5432871 5279373 153498 153498
7810 5432871 5279373 153498 153498
7820 5432871 5279373 153498 153498
7830 5432871 5279373 153498 153498
7840 5432871 5279373 153498 153498
7850 5432871 5279373 153498 153498
7860 5432871 5279373 153498 153498
7870 5432871 5279373 153498 153498
7880 5432871 5279373 153498 153498
7890 5432871 5279373 153498 153498
7900 5432871 5279373 153498 153498
7910 5432871 5279373 153498 153498
7920 5432871 5279373 153498 153498
7930 5432871 5279373 153498 153498
7940 5432871 5279373 153498 153498
7950 5432871 5279373 153498 153498
7960 5432871 5279373 153498 153498
7970 5432871 5279373 153498 153498
7980 5432871 5279373 153498 153498
7990 5432871 5279373 153498 153498
8000 5432871 5279373 153498 153498
8010 5432871 5279373 153498 153498
8020 5432871 5279373 153498 153498
8030 5432871 5279373 153498 153498
8040 5432871 5279373 153498 153498
8050 5432871 5279373 153498 153498
8060 5432871 5279373 153498 153498
8070 5432871 5279373 153498 153498
8080 5432871 5279373 153498 153498
8090 5432871 5279373 153498 153498
8100 5432871 5279373 153498 153498
8110 5432871 5279373 153498 153498
8120 5432871 5279373 153498 153498
8130 5432871 5279373 153498 153498
8140 5432871 5279373 153498 153498
8150 5432871 5279373 153498 153498
8160 5432871 5279373 153498 153498
8170 5432871 5279373 153498 153498
8180 5432871 5279373 153498 153498
8190 5432871 5279373 153498 153498
8200 5432871 5279373 153498 153498
8210 5432871 5279373 153498 153498
8220 5432871 5279373 153498 153498
8230 5432871 5279373 153498 153498
8240 5432871 5279373 153498 153498
8250 5432871 5279373 153498 153498
8260 5432871 5279373 153498 153498
8270 5432871 5279373 153498 153498
8280 5432871 5279373 153498 153498
8290 5432871 5279373 153498 153498
8300 5432871 5279373 153498 153498
8310 5432871 5279373 153498 153498
8320 5432871 5279373 153498 153498
8330 5432871 5279373 153498 153498
8340 5432871 5279373 153498 153498
8350 5432871 5279373 153498 153498
8360 5432871 5279373 153498 153498
8370 5432871 5279373 153498 153498
8380 5432871 5279373 153498 153498
8390 5432871 5279373 153498 153498
8400 5432871 5279373 153498 153498
8410 5432871 5279373 153498 153498
8420 5432871 5279373 153498 153498
8430 5432871 5279373 153498 153498
8440 5432871 5279373 153498 153498
8450 5432871 5279373 153498 153498
8460 5432871 5279373 153498 153498
8470 5432871 5279373 153498 153498
8480 5432871 5279373 153498 153498
8490 5432871 5279373 153498 153498
8500 5432871 5279373 153498 153498
8510 5432871 5279373 153498 153498
8520 5432871 5279373 153498 153498
8530 5432871 5279373 153498 153498
8540 5432871 5279373 153498 153498
8550 5432871 5279373 153498 153498
8560 5432871 5279373 153498 153498
8570 5432871 5279373 153498 153498
8580 5432871 5279373 153498 153498
8590 5432871 5279373 153498 153498
8600 5432871 5279373 153498 153498
8610 5432871 5279373 153498 153498
8620 5432871 5279373 153498 153498
8630 5432871 5279373 153498 153498
8640 5432871 5279373 153498 153498
8650 5432871 5279373 153498 153498
8660 5432871 5279373 153498 153498
8670 5432871 5279373 153498 153498
8680 5432871 5279373 153498 153498
8690 5432871 5279373 153498 153498
8700 5432871 5279373 153498 153498
8710 5432871 5279373 153498 153498
8720 5432871 5279373 153498 153498
8730 5432871 5279373 153498 153498
8740 5432871 5279373 153498 153498
8750 5432871 5279373 153498 153498
8760 5432871 5279373 153498 153498
8770 5432871 5279373 153498 153498
8780 5432871 5279373 153498 153498
8790 5432871 5279373 153498 153498
8800 5432871 5279373 153498 153498
8810 5432871 5279373 153498 153498
8820 5432871 5279373 153498 153498
8830 5432871 5279373 153498 153498
8840 5432871 5279373 153498 153498
8850 5432871 5279373 153498 153498
8860 5432871 5279373 153498 153498
8870 5432871 5279373 153498 153498
8880 5432871 5279373 153498 153498
8890 5432871 5279373 153498 153498
8900 5432871 5279373 153498 153498
8910 5432871 5279373 153498 153498
8920 5432871 5279373 153498 153498
8930 5432871 5279373 153498 153498
8940 5432871 5279373 153498 153498
8950 5432871 5279373 153498 153498
8960 5432871 5279373 153498 153498
8970 5432871 5279373 153498 153498
8980 5432871 5279373 153498 153498
8990 5432871 5279373 153498 153498
9000 5432871 5279373 153498 153498
9010 5432871 5279373 153498 153498
9020 5432871 5279373 153498 153498
9030 5432871 5279373 153498 153498
9040 5432871 5279373 153498 153498
9050 5432871 5279373 153498 153498
9060 5432871 5279373 153498 153498
9070 5432871 5279373 153498 153498
9080 5432871 5279373 153498 153498
9090 5432871 5279373 153498 153498
9100 5432871 5279373 153498 153498
9110 5432871 5279373 153498 153498
9120 5432871 5279373 153498 153498
9130 5432871 5279373 153498 153498
9140 5432871 5279373 153498 153498
9150 5432871 5279373 153498 153498
9160 5432871 5279373 153498 153498
9170 5432871 5279373 153498 153498
9180 5432871 5279373 153498 153498
9190 5432871 5279373 153498 153498
9200 5432871 5279373 153498 153498
9210 5432871 5279373 153498 153498
9220 5432871 5279373 153498 153498
9230 5432871 5279373 153498 153498
9240 5432871 5279373 153498 153498
9250 5432871 5279373 153498 153498
9260 5432871 5279373 153498 153498
9270 5432871 5279373 153498 153498
9280 5432871 5279373 153498 153498
9290 5432871 5279373 153498 153498
9300 5432871 5279373 153498 153498
9310 5432871 5279373 153498 153498
9320 5432871 5279373 153498 153498
9330 5432871 5279373 153498 153498
9340 5432871 5279373 153498 153498
9350 5432871 5279373 153498 153498
9360 5432871 5279373 153498 153498
9370 5432871 5279373 153498 153498
9380 5432871 5279373 153498 153498
9390 5432871 5279373 153498 153498
9400 5432871 5279373 153498 153498
9410 5432871 5279373 153498 153498
9420 5432871 5279373 153498 153498
9430 5432871 5279373 153498 153498
9440 5432871 5279373 153498 153498
9450 5432871 5279373 153498 153498
9460 5432871 5279373 153498 153498
9470 5432871 5279373 153498 153498
9480 5432871 5279373 153498 153498
9490 5432871 5279373 153498 153498
9500 5432871 5279373 153498 153498
9510 5432871 5279373 153498 153498
9520 5432871 5279373 153498 153498
9530 5432871 5279373 153498 153498
9540 5432871 5279373 153498 153498
9550 5432871 5279373 153498 153498
9560 5432871 5279373 153498 153498
9570 5432871 5279373 153498 153498
9580 5432871 5279373 153498 153498
9590 5432871 5279373 153498 153498
9600 5432871 5279373 153498 153498
9610 5432871 5279373 153498 153498
9620 5432871 5279373 153498 153498
9630 5432871 5279373 153498 153498
9640 5432871 5279373 153498 153498
9650 5432871 5279373 153498 153498
9660 5432871 5279373 153498 153498
9670 5432871 5279373 153498 153498
9680 5432871 5279373 153498 153498
9690 5432871 5279373 153498 153498
9700 5432871 5279373 153498 153498
9710 5432871 5279373 153498 153498
9720 5432871 5279373 153498 153498
9730 5432871 5279373 153498 153498
9740 5432871 5279373 153498 153498
9750 5432871 5279373 153498 153498
9760 5432871 5279373 153498 153498
9770 5432871 5279373 153498 153498
9780 5432871 5279373 153498 153498
9790 5432871 5279373 153498 153498
9800 5432871 5279373 153498 153498
9810 5432871 5279373 153498 153498
9820 5432871 5279373 153498 153498
9830 5432871 5279373 153498 153498
9840 5432871 5279373 153498 153498
9850 5432871 5279373 153498 153498
9860 5432871 5279373 153498 153498
9870 5432871 5279373 153498 153498
9880 5432871 5279373 153498 153498
9890 5432871 5279373 153498 153498
9900 5432871 5279373 153498 153498
9910 5432871 5279373 153498 153498
9920 5432871 5279373 153498 153498
9930 5432871 5279373 153498 153498
9940 5432871 5279373 153498 153498
9950 5432871 5279373 153498 153498
9960 5432871 5279373 153498 153498
9970 5432871 5279373 153498 153498
9980 5432871 5279373 153498 153498
9990 5432871 5279373 153498 153498
10000 5432871 5279373 153498 153498
10010 5432871 5279373 153498 153498
10020 5432871 5279373 153498 153498
10030 5432871 5279373 153498 153498
10040 5432871 5279373 153498 153498
10050 5432871 5279373 153498 153498
10060 5432871 5279373 153498 153498
10070 5432871 5279373 153498 153498
10080 5432871 5279373 153498 153498
10090 5432871 5279373 153498 153498
10100 5432871 5279373 153498 153498
10110 5432871 5279373 153498 153498
10120 5432871 5279373 153498 153498
10130 5432871 5279373 153498 153498
10140 5432871 5279373 153498 153498
10150 5432871 5279373 153498 153498
10160 5432871 5279373 153498 153498
10170 5432871 5279373 153498 153498
10180 5432871 5279373 153498 153498
10190 5432871 5279373 153498 153498
10200 5432871 5279373 153498 153498
10210 5432871 5279373 153498 153498
10220 5432871 5279373 153498 153498
10230 5432871 5279373 153498 153498
10240 5432871 5279373 153498 153498
10250 5432871 5279373 153498 153498
10260 5432871 5279373 153498 153498
10270 5432871 5279373 153498 153498
10280 5432871 5279373 153498 153498
10290 5432871 5279373 153498 153498
10300 5432871 5279373 153498 153498
10310 5432871 5279373 153498 153498
10320 5432871 5279373 153498 153498
10330 5432871 5279373 153498 153498
10340 5432871 5279373 153498 153498
10350 5432871 5279373 153498 153498
10360 5432871 5279373 153498 153498
10370 5432871 5279373 153498 153498
10380 5432871 5279373 153498 153498
10390 5432871 5279373 153498 153498
10400 5432871 5279373 153498 153498
10410 5432871 5279373 153498 153498
10420 5432871 5279373 153498 153498
10430 5432871 5279373 153498 153498
10440 5432871 5279373 153498 153498
10450 5432871 5279373 153498 153498
10460 5432871 5279373 153498 153498
10470 5432871 5279373 153498 153498
10480 5432871 5279373 153498 153498
10490 5432871 5279373 153498 153498
10500 5432871 5279373 153498 153498
10510 5432871 5279373 153498 153498
10520 5432871 5279373 153498 153498
10530 5432871 5279373 153498 153498
10540 5432871 5279373 153498 153498
10550 5432871 5279373 153498 153498
10560 5432871 5279373 153498 153498
10570 5432871 5279373 153498 153498
10580 5432871 5279373 153498 153498
10590 5432871 5279373 153498 153498
10600 5432871 5279373 153498 153498
10610 5432871 5279373 153498 153498
10620 5432871 5279373 153498 153498
10630 5432871 5279373 153498 153498
10640 5432871 5279373 153498 153498
10650 5432871 5279373 153498 153498
10660 5432871 5279373 153498 153498
10670 5432871 5279373 153498 153498
10680 5432871 5279373 153498 153498
10690 5432871 5279373 153498 153498
10700 5432871 5279373 153498 153498
10710 5432871 5279373 153498 153498
10720 5432871 5279373 153498 153498
10730 5432871 5279373 153498 153498
10740 5432871 5279373 153498 153498
10750 5432871 5279373 153498 153498
10760 5432871 5279373 153498 153498
10770 5432871 5279373 153498 153498
10780 5432871 5279373 153498 153498
10790 5432871 5279373 153498 153498
10800 5432871 5279373 153498 153498
10810 5432871 5279373 153498 153498
10820 5432871 5279373 153498 153498
10830 5432871 5279373 153498 153498
10840 5432871 5279373 153498 153498
10850 5432871 5279373 153498 153498
10860 5432871 5279373 153498 153498
10870 5432871 5279373 153498 153498
10880 5432871 5279373 153498 153498
10890 5432871 5279373 153498 153498
10900 5432871 5279373 153498 153498
10910 5432871 5279373 153498 153498
10920 5432871 5279373 153498 153498
10930 5432871 5279373 153498 153498
10940 5432871 5279373 153498 153498
10950 5432871 5279373 153498 153498
10960 5432871 5279373 153498 153498
10970 5432871 5279373 153498 153498
10980 5432871 5279373 153498 153498
10990 5432871 5279373 153498 153498
11000 5432871 5279373 153498 153498
11010 5432871 5279373 153498 153498
11020 5432871 5279373 153498 153498
11030 5432871 5279373 153498 153498
11040 5432871 5279373 153498 153498
11050 5432871 5279373 153498 153498
11060 5432871 5279373 153498 153498
11070 5432871 5279373 153498 153498
11080 5432871 5279373 153498 153498
11090 5432871 5279373 153498 153498
11100 5432871 5279373 153498 153498
11110 5432871 5279373 153498 153498
11120 5432871 5279373 153498 153498
11130 5432871 5279373 153498 153498
11140 5432871 5279373 153498 153498
11150 5432871 5279373 153498 153498
11160 5432871 5279373 153498 153498
11170 5432871 5279373 153498 153498
11180 5432871 5279373 153498 153498
11190 5432871 5279373 153498 153498
11200 5432871 5279373 153498 153498
11210 5432871 5279373 153498 153498
11220 5432871 5279373 153498 153498
11230 5432871 5279373 153498 153498
11240 5432871 5279373 153498 153498
11250 5432871 5279373 153498 153498
11260 5432871 5279373 153498 153498
11270 5432871 5279373 153498 153498
11280 5432871 5279373 153498 153498
11290 5432871 5279373 153498 153498
11300 5432871 5279373 153498 153498
11310 5432871 5279373 153498 153498
11320 5432871 5279373 153498 153498
11330 5432871 5279373 153498 153498
11340 5432871 5279373 153498 153498
11350 5432871 5279373 153498 153498
11360 5432871 5279373 153498 153498
11370 5432871 5279373 153498 153498
11380 5432871 5279373 153498 153498
11390 5432871 5279373 153498 153498
11400 5432871 5279373 153498 153498
11410 5432871 5279373 153498 153498
11420 5432871 5279373 153498 153498
11430 5432871 5279373 153498 153498
11440 5432871 5279373 153498 153498
11450 5432871 5279373 153498 153498
11460 5432871 5279373 153498 153498
11470 5432871 5279373 153498 153498
11480 5432871 5279373 153498 153498
11490 5432871 5279373 153498 153498
11500 5432871 5279373 153498 153498
11510 5432871 5279373 153498 153498
11520 5432871 5279373 153498 153498
11530 5432871 5279373 153498 153498
11540 5432871 5279373 153498 153498
11550 5432871 5279373 153498 153498
11560 5432871 5279373 153498 153498
11570 5432871 5279373 153498 153498
11580 5432871 5279373 153498 153498
11590 5432871 5279373 153498 153498
11600 5432871 5279373 153498 153498
11610 5432871 5279373 153498 153498
11620 5432871 5279373 153498 153498
11630 5432871 5279373 153498 153498
11640 5432871 5279373 153498 153498
11650 5432871 5279373 153498 153498
11660 5432871 5279373 153498 153498
11670 5432871 5279373 153498 153498
11680 5432871 5279373 153498 153498
11690 5432871 5279373 153498 153498
11700 5432871 5279373 153498 153498
11710 5432871 5279373 153498 153498
11720 5432871 5279373 153498 153498
11730 5432871 5279373 153498 153498
11740 5432871 5279373 153498 153498
11750 5432871 5279373 153498 153498
11760 5432871 5279373 153498 153498
11770 5432871 5279373 153498 153498
11780 5432871 5279373 153498 153498
11790 5432871 5279373 153498 153498
11800 5432871 5279373 153498 153498
11810 5432871 5279373 153498 153498
11820 5432871 5279373 153498 153498
11830 5432871 5279373 153498 153498
11840 5432871 5279373 153498 153498
11850 5432871 5279373 153498 153498
11860 5432871 5279373 153498 153498
11870 5432871 5279373 153498 153498
11880 5432871 5279373 153498 153498
11890 5432871 5279373 153498 153498
11900 5432871 5279373 153498 153498
11910 5432871 5279373 153498 153498
11920 5432871 5279373 153498 153498
11930 5432871 5279373 153498 153498
11940 5432871 5279373 153498 153498
11950 5432871 5279373 153498 153498
11960 5432871 5279373 153498 153498
11970 5432871 5279373 153498 153498
11980 5432871 5279373 153498 153498
11990 5432871 5279373 153498 153498
12000 5432871 5279373 153498 153498
12010 5432871 5279373 153498 153498
12020 5432871 5279373 153498 153498
12030 5432871 5279373 153498 153498
12040 5432871 5279373 153498 153498
12050 5432871 5279373 153498 153498
12060 5432871 5279373 153498 153498
12070 5432871 5279373 153498 153498
12080 5432871 5279373 153498 153498
12090 5432871 5279373 153498 153498
12100 5432871 5279373 153498 153498
12110 5432871 5279373 153498 153498
12120 5432871 5279373 153498 153498
12130 5432871 5279373 153498 153498
12140 5432871 5279373 153498 153498
12150 5432871 5279373 153498 153498
12160 5432871 5279373 153498 153498
12170 5432871 5279373 153498 153498
12180 5432871 5279373 153498 153498
12190 5432871 5279373 153498 153498
12200 5432871 5279373 153498 153498
12210 5432871 5279373 153498 153498
12220 5432871 5279373 153498 153498
12230 5432871 5279373 153498 153498
12240 5432871 5279373 153498 153498
12250 5432871 5279373 153498 153498
12260 5432871 5279373 153498 153498
12270 5432871 5279373 153498 153498
12280 5432871 5279373 153498 153498
12290 5432871 5279373 153498 153498
12300 5432871 5279373 153498 153498
12310 5432871 5279373 153498 153498
12320 5432871 5279373 153498 153498
12330 5432871 5279373 153498 153498
12340 5432871 5279373 153498 153498
12350 5432871 5279373 153498 153498
12360 5432871 5279373 153498 153498
12370 5432871 5279373 153498 153498
12380 5432871 5279373 153498 153498
12390 5432871 5279373 153498 153498
12400 5432871 5279373 153498 153498
12410 5432871 5279373 153498 153498
12420 5432871 5279373 153498 153498
12430 5432871 5279373 153498 153498
12440 5432871 5279373 153498 153498
12450 5432871 5279373 153498 153498
12460 5432871 5279373 153498 153498
12470 5432871 5279373 153498 153498
12480 5432871 5279373 153498 153498
12490 5432871 5279373 153498 153498
12500 5432871 5279373 153498 153498
12510 5432871 5279373 153498 153498
12520 5432871 5279373 153498 153498
12530 5432871 5279373 153498 153498
12540 5432871 5279373 153498 153498
12550 5432871 5279373 153498 153498
12560 5432871 5279373 153498 153498
12570 5432871 5279373 153498 153498
12580 5432871 5279373 153498 153498
12590 5432871 5279373 153498 153498
12600 5432871 5279373 153498 153498
12610 5432871 5279373 153498 153498
12620 5432871 5279373 153498 153498
12630 5432871 5279373 153498 153498
12640 5432871 5279373 153498 153498
12650 5432871 5279373 153498 153498
12660 5432871 5279373 153498 153498
12670 5432871 5279373 153498 153498
12680 5432871 5279373 153498 153498
12690 5432871 5279373 153498 153498
12700 5432871 5279373 153498 153498
12710 5432871 5279373 153498 153498
12720 5432871 5279373 153498 153498
12730 5432871 5279373 153498 153498
12740 5432871 5279373 153498 153498
12750 5432871 5279373 153498 153498
12760 5432871 5279373 153498 153498
12770 5432871 5279373 153498 153498
12780 5432871 5279373 153498 153498
12790 5432871 5279373 153498 153498
12800 5432871 5279373 153498 153498
12810 5432871 5279373 153498 153498
12820 5432871 5279373 153498 153498
12830 5432871 5279373 153498 153498
12840 5432871 5279373 153498 153498
12850 5432871 5279373 153498 153498
12860 5432871 5279373 153498 153498
12870 5432871 5279373 153498 153498
12880 5432871 5279373 153498 153498
12890 5432871 5279373 153498 153498
12900 5432871 5279373 153498 153498
12910 5432871 5279373 153498 153498
12920 5432871 5279373 153498 153498
12930 5432871 5279373 153498 153498
12940 5432871 5279373 153498 153498
12950 5432871 5279373 153498 153498
12960 5432871 5279373 153498 153498
12970 5432871 5279373 153498 153498
12980 5432871 5279373 153498 153498
12990 5432871 5279373 153498 153498
13000 5432871 5279373 153498 153498
13010 5432871 5279373 153498 153498
13020 5432871 5279373 153498 153498
13030 5432871 5279373 153498 153498
13040 5432871 5279373 153498 153498
13050 5432871 5279373 153498 153498
13060 5432871 5279373 153498 153498
13070 5432871 5279373 153498 153498
13080 5432871 5279373 153498 153498

