Optimal path [nodeId(time to the node):
17(0) -> 35(145) -> 60(143) -> 85(127) -> 41(113) -> 51(131) -> 67(113) -> 43(124) -> 93(125) -> 27(128) -> 88(110) -> 28(118) -> 76(124) -> 56(113) -> 25(133) -> 0(140) -> 9(123) -> 2(140) -> 8(120) -> 21(128) -> 6(126) -> 96(139) -> 98(126) -> 47(128) -> 82(136) -> 89(138) -> 4(139) -> 33(130) -> 78(121) -> 13(144) -> 15(125) -> 26(134) -> 66(125) -> 62(117) -> 50(125) -> 52(146) -> 59(119) -> 49(111) -> 42(127) -> 10(132) -> 70(117) -> 36(109) -> 29(120) -> 57(136) -> 45(103) -> 99(135) -> 37(135) -> 64(116) -> 34(126) -> 19(130) -> 75(129) -> 72(132) -> 38(127) -> 24(149) -> 83(124) -> 3(128) -> 7(127) -> 14(137) -> 11(120) -> 18(117) -> 23(115) -> 20(127) -> 69(117) -> 5(128) -> 65(126) -> 48(102) -> 63(106) -> 44(114) -> 12(140) -> 80(123) -> 87(119) -> 61(130) -> 40(133) -> 30(123) -> 81(127) -> 68(143) -> 71(135) -> 16(110) -> 55(127) -> 92(145) -> 97(147) -> 91(127) -> 95(118) -> 31(140) -> 77(132) -> 22(131) -> 54(142) -> 94(109) -> 79(132) -> 86(133) -> 39(127) -> 90(126) -> 73(129) -> 32(134) -> 84(116) -> 58(120) -> 1(131) -> 74(141) -> 46(151) -> 53(141)
Total time of delivery: 12620
The cost function value: 2617611

Statistics at the end of simulation: 
Residents: 5432871
Illness cases: 5222604 --> [96.12972588526398%]
Healthy residents: 210267 --> [3.8702741147360205%]
Vaccinated residents210267 --> [3.8702741147360205%]

Statistics of each node: 
id residentsNumber illnessCases healthyResidents vaccinated
17 27216 1 27215 27215
35 96767 75 96692 96692
60 91794 5434 86360 86360
85 44972 44972 0 0
41 91808 91808 0 0
51 94699 94699 0 0
67 37842 37842 0 0
43 79446 79446 0 0
93 39916 39916 0 0
27 80174 80174 0 0
88 37474 37474 0 0
28 91749 91749 0 0
76 31382 31382 0 0
56 80108 80108 0 0
25 67586 67586 0 0
0 59902 59902 0 0
9 60305 60305 0 0
2 43074 43074 0 0
8 45160 45160 0 0
21 82806 82806 0 0
6 12672 12672 0 0
96 73344 73344 0 0
98 93006 93006 0 0
47 98952 98952 0 0
82 15231 15231 0 0
89 68284 68284 0 0
4 56018 56018 0 0
33 13135 13135 0 0
78 57716 57716 0 0
13 61304 61304 0 0
15 78003 78003 0 0
26 26605 26605 0 0
66 26230 26230 0 0
62 19500 19500 0 0
50 30829 30829 0 0
52 63153 63153 0 0
59 83546 83546 0 0
49 19584 19584 0 0
42 68898 68898 0 0
10 95932 95932 0 0
70 36163 36163 0 0
36 85682 85682 0 0
29 15814 15814 0 0
57 39724 39724 0 0
45 46217 46217 0 0
99 28053 28053 0 0
37 51694 51694 0 0
64 22353 22353 0 0
34 28894 28894 0 0
19 87851 87851 0 0
75 26017 26017 0 0
72 90063 90063 0 0
38 33030 33030 0 0
24 37355 37355 0 0
83 46841 46841 0 0
3 57882 57882 0 0
7 29243 29243 0 0
14 81887 81887 0 0
11 84816 84816 0 0
18 16978 16978 0 0
23 20873 20873 0 0
20 48774 48774 0 0
69 66112 66112 0 0
5 15364 15364 0 0
65 70610 70610 0 0
48 13555 13555 0 0
63 51706 51706 0 0
44 15573 15573 0 0
12 79926 79926 0 0
80 67722 67722 0 0
87 20655 20655 0 0
61 25643 25643 0 0
40 31222 31222 0 0
30 67192 67192 0 0
81 89526 89526 0 0
68 42462 42462 0 0
71 23666 23666 0 0
16 82700 82700 0 0
55 88344 88344 0 0
92 24523 24523 0 0
97 86845 86845 0 0
91 32862 32862 0 0
95 71066 71066 0 0
31 69146 69146 0 0
77 28452 28452 0 0
22 73621 73621 0 0
54 69376 69376 0 0
94 76894 76894 0 0
79 84379 84379 0 0
86 26732 26732 0 0
39 32804 32804 0 0
90 80008 80008 0 0
73 49077 49077 0 0
32 59165 59165 0 0
84 70627 70627 0 0
58 16081 16081 0 0
1 49456 49456 0 0
74 81649 81649 0 0
46 73816 73816 0 0
53 61988 61988 0 0

Statistics step by step: 
minute residentsNumber illnessCases healthyResidents vaccinated
0 5432871 100 5432771 27215
10 5432871 100 5432771 27215
20 5432871 100 5432771 27215
30 5432871 199 5432672 27215
40 5432871 298 5432573 27215
50 5432871 397 5432474 27215
60 5432871 595 5432276 27215
70 5432871 793 5432078 27215
80 5432871 991 5431880 27215
90 5432871 1387 5431484 27215
100 5432871 1882 5430989 27215
110 5432871 2575 5430296 27215
120 5432871 3565 5429306 27215
130 5432871 4753 5428118 27215
140 5432871 6436 5426435 27215
150 5432871 8700 5424171 123907
160 5432871 11640 5421231 123907
170 5432871 15756 5417115 123907
180 5432871 21244 5411627 123907
190 5432871 28594 5404277 123907
200 5432871 38492 5394379 123907
210 5432871 51918 5380953 123907
220 5432871 69950 5362921 123907
230 5432871 94254 5338617 123907
240 5432871 127084 5305787 123907
250 5432871 171282 5261589 123907
260 5432871 230768 5202103 123907
270 5432871 311128 5121743 123907
280 5432871 419418 5013453 123907
290 5432871 565006 4867865 210267
300 5432871 759782 4673089 210267
310 5432871 1022264 4410607 210267
320 5432871 1372998 4059873 210267
330 5432871 1816049 3616822 210267
340 5432871 2370710 3062161 210267
350 5432871 3013391 2419480 210267
360 5432871 3745504 1687367 210267
370 5432871 4529824 903047 210267
380 5432871 5145458 287413 210267
390 5432871 5222604 210267 210267
400 5432871 5222604 210267 210267
410 5432871 5222604 210267 210267
420 5432871 5222604 210267 210267
430 5432871 5222604 210267 210267
440 5432871 5222604 210267 210267
450 5432871 5222604 210267 210267
460 5432871 5222604 210267 210267
470 5432871 5222604 210267 210267
480 5432871 5222604 210267 210267
490 5432871 5222604 210267 210267
500 5432871 5222604 210267 210267
510 5432871 5222604 210267 210267
520 5432871 5222604 210267 210267
530 5432871 5222604 210267 210267
540 5432871 5222604 210267 210267
550 5432871 5222604 210267 210267
560 5432871 5222604 210267 210267
570 5432871 5222604 210267 210267
580 5432871 5222604 210267 210267
590 5432871 5222604 210267 210267
600 5432871 5222604 210267 210267
610 5432871 5222604 210267 210267
620 5432871 5222604 210267 210267
630 5432871 5222604 210267 210267
640 5432871 5222604 210267 210267
650 5432871 5222604 210267 210267
660 5432871 5222604 210267 210267
670 5432871 5222604 210267 210267
680 5432871 5222604 210267 210267
690 5432871 5222604 210267 210267
700 5432871 5222604 210267 210267
710 5432871 5222604 210267 210267
720 5432871 5222604 210267 210267
730 5432871 5222604 210267 210267
740 5432871 5222604 210267 210267
750 5432871 5222604 210267 210267
760 5432871 5222604 210267 210267
770 5432871 5222604 210267 210267
780 5432871 5222604 210267 210267
790 5432871 5222604 210267 210267
800 5432871 5222604 210267 210267
810 5432871 5222604 210267 210267
820 5432871 5222604 210267 210267
830 5432871 5222604 210267 210267
840 5432871 5222604 210267 210267
850 5432871 5222604 210267 210267
860 5432871 5222604 210267 210267
870 5432871 5222604 210267 210267
880 5432871 5222604 210267 210267
890 5432871 5222604 210267 210267
900 5432871 5222604 210267 210267
910 5432871 5222604 210267 210267
920 5432871 5222604 210267 210267
930 5432871 5222604 210267 210267
940 5432871 5222604 210267 210267
950 5432871 5222604 210267 210267
960 5432871 5222604 210267 210267
970 5432871 5222604 210267 210267
980 5432871 5222604 210267 210267
990 5432871 5222604 210267 210267
1000 5432871 5222604 210267 210267
1010 5432871 5222604 210267 210267
1020 5432871 5222604 210267 210267
1030 5432871 5222604 210267 210267
1040 5432871 5222604 210267 210267
1050 5432871 5222604 210267 210267
1060 5432871 5222604 210267 210267
1070 5432871 5222604 210267 210267
1080 5432871 5222604 210267 210267
1090 5432871 5222604 210267 210267
1100 5432871 5222604 210267 210267
1110 5432871 5222604 210267 210267
1120 5432871 5222604 210267 210267
1130 5432871 5222604 210267 210267
1140 5432871 5222604 210267 210267
1150 5432871 5222604 210267 210267
1160 5432871 5222604 210267 210267
1170 5432871 5222604 210267 210267
1180 5432871 5222604 210267 210267
1190 5432871 5222604 210267 210267
1200 5432871 5222604 210267 210267
1210 5432871 5222604 210267 210267
1220 5432871 5222604 210267 210267
1230 5432871 5222604 210267 210267
1240 5432871 5222604 210267 210267
1250 5432871 5222604 210267 210267
1260 5432871 5222604 210267 210267
1270 5432871 5222604 210267 210267
1280 5432871 5222604 210267 210267
1290 5432871 5222604 210267 210267
1300 5432871 5222604 210267 210267
1310 5432871 5222604 210267 210267
1320 5432871 5222604 210267 210267
1330 5432871 5222604 210267 210267
1340 5432871 5222604 210267 210267
1350 5432871 5222604 210267 210267
1360 5432871 5222604 210267 210267
1370 5432871 5222604 210267 210267
1380 5432871 5222604 210267 210267
1390 5432871 5222604 210267 210267
1400 5432871 5222604 210267 210267
1410 5432871 5222604 210267 210267
1420 5432871 5222604 210267 210267
1430 5432871 5222604 210267 210267
1440 5432871 5222604 210267 210267
1450 5432871 5222604 210267 210267
1460 5432871 5222604 210267 210267
1470 5432871 5222604 210267 210267
1480 5432871 5222604 210267 210267
1490 5432871 5222604 210267 210267
1500 5432871 5222604 210267 210267
1510 5432871 5222604 210267 210267
1520 5432871 5222604 210267 210267
1530 5432871 5222604 210267 210267
1540 5432871 5222604 210267 210267
1550 5432871 5222604 210267 210267
1560 5432871 5222604 210267 210267
1570 5432871 5222604 210267 210267
1580 5432871 5222604 210267 210267
1590 5432871 5222604 210267 210267
1600 5432871 5222604 210267 210267
1610 5432871 5222604 210267 210267
1620 5432871 5222604 210267 210267
1630 5432871 5222604 210267 210267
1640 5432871 5222604 210267 210267
1650 5432871 5222604 210267 210267
1660 5432871 5222604 210267 210267
1670 5432871 5222604 210267 210267
1680 5432871 5222604 210267 210267
1690 5432871 5222604 210267 210267
1700 5432871 5222604 210267 210267
1710 5432871 5222604 210267 210267
1720 5432871 5222604 210267 210267
1730 5432871 5222604 210267 210267
1740 5432871 5222604 210267 210267
1750 5432871 5222604 210267 210267
1760 5432871 5222604 210267 210267
1770 5432871 5222604 210267 210267
1780 5432871 5222604 210267 210267
1790 5432871 5222604 210267 210267
1800 5432871 5222604 210267 210267
1810 5432871 5222604 210267 210267
1820 5432871 5222604 210267 210267
1830 5432871 5222604 210267 210267
1840 5432871 5222604 210267 210267
1850 5432871 5222604 210267 210267
1860 5432871 5222604 210267 210267
1870 5432871 5222604 210267 210267
1880 5432871 5222604 210267 210267
1890 5432871 5222604 210267 210267
1900 5432871 5222604 210267 210267
1910 5432871 5222604 210267 210267
1920 5432871 5222604 210267 210267
1930 5432871 5222604 210267 210267
1940 5432871 5222604 210267 210267
1950 5432871 5222604 210267 210267
1960 5432871 5222604 210267 210267
1970 5432871 5222604 210267 210267
1980 5432871 5222604 210267 210267
1990 5432871 5222604 210267 210267
2000 5432871 5222604 210267 210267
2010 5432871 5222604 210267 210267
2020 5432871 5222604 210267 210267
2030 5432871 5222604 210267 210267
2040 5432871 5222604 210267 210267
2050 5432871 5222604 210267 210267
2060 5432871 5222604 210267 210267
2070 5432871 5222604 210267 210267
2080 5432871 5222604 210267 210267
2090 5432871 5222604 210267 210267
2100 5432871 5222604 210267 210267
2110 5432871 5222604 210267 210267
2120 5432871 5222604 210267 210267
2130 5432871 5222604 210267 210267
2140 5432871 5222604 210267 210267
2150 5432871 5222604 210267 210267
2160 5432871 5222604 210267 210267
2170 5432871 5222604 210267 210267
2180 5432871 5222604 210267 210267
2190 5432871 5222604 210267 210267
2200 5432871 5222604 210267 210267
2210 5432871 5222604 210267 210267
2220 5432871 5222604 210267 210267
2230 5432871 5222604 210267 210267
2240 5432871 5222604 210267 210267
2250 5432871 5222604 210267 210267
2260 5432871 5222604 210267 210267
2270 5432871 5222604 210267 210267
2280 5432871 5222604 210267 210267
2290 5432871 5222604 210267 210267
2300 5432871 5222604 210267 210267
2310 5432871 5222604 210267 210267
2320 5432871 5222604 210267 210267
2330 5432871 5222604 210267 210267
2340 5432871 5222604 210267 210267
2350 5432871 5222604 210267 210267
2360 5432871 5222604 210267 210267
2370 5432871 5222604 210267 210267
2380 5432871 5222604 210267 210267
2390 5432871 5222604 210267 210267
2400 5432871 5222604 210267 210267
2410 5432871 5222604 210267 210267
2420 5432871 5222604 210267 210267
2430 5432871 5222604 210267 210267
2440 5432871 5222604 210267 210267
2450 5432871 5222604 210267 210267
2460 5432871 5222604 210267 210267
2470 5432871 5222604 210267 210267
2480 5432871 5222604 210267 210267
2490 5432871 5222604 210267 210267
2500 5432871 5222604 210267 210267
2510 5432871 5222604 210267 210267
2520 5432871 5222604 210267 210267
2530 5432871 5222604 210267 210267
2540 5432871 5222604 210267 210267
2550 5432871 5222604 210267 210267
2560 5432871 5222604 210267 210267
2570 5432871 5222604 210267 210267
2580 5432871 5222604 210267 210267
2590 5432871 5222604 210267 210267
2600 5432871 5222604 210267 210267
2610 5432871 5222604 210267 210267
2620 5432871 5222604 210267 210267
2630 5432871 5222604 210267 210267
2640 5432871 5222604 210267 210267
2650 5432871 5222604 210267 210267
2660 5432871 5222604 210267 210267
2670 5432871 5222604 210267 210267
2680 5432871 5222604 210267 210267
2690 5432871 5222604 210267 210267
2700 5432871 5222604 210267 210267
2710 5432871 5222604 210267 210267
2720 5432871 5222604 210267 210267
2730 5432871 5222604 210267 210267
2740 5432871 5222604 210267 210267
2750 5432871 5222604 210267 210267
2760 5432871 5222604 210267 210267
2770 5432871 5222604 210267 210267
2780 5432871 5222604 210267 210267
2790 5432871 5222604 210267 210267
2800 5432871 5222604 210267 210267
2810 5432871 5222604 210267 210267
2820 5432871 5222604 210267 210267
2830 5432871 5222604 210267 210267
2840 5432871 5222604 210267 210267
2850 5432871 5222604 210267 210267
2860 5432871 5222604 210267 210267
2870 5432871 5222604 210267 210267
2880 5432871 5222604 210267 210267
2890 5432871 5222604 210267 210267
2900 5432871 5222604 210267 210267
2910 5432871 5222604 210267 210267
2920 5432871 5222604 210267 210267
2930 5432871 5222604 210267 210267
2940 5432871 5222604 210267 210267
2950 5432871 5222604 210267 210267
2960 5432871 5222604 210267 210267
2970 5432871 5222604 210267 210267
2980 5432871 5222604 210267 210267
2990 5432871 5222604 210267 210267
3000 5432871 5222604 210267 210267
3010 5432871 5222604 210267 210267
3020 5432871 5222604 210267 210267
3030 5432871 5222604 210267 210267
3040 5432871 5222604 210267 210267
3050 5432871 5222604 210267 210267
3060 5432871 5222604 210267 210267
3070 5432871 5222604 210267 210267
3080 5432871 5222604 210267 210267
3090 5432871 5222604 210267 210267
3100 5432871 5222604 210267 210267
3110 5432871 5222604 210267 210267
3120 5432871 5222604 210267 210267
3130 5432871 5222604 210267 210267
3140 5432871 5222604 210267 210267
3150 5432871 5222604 210267 210267
3160 5432871 5222604 210267 210267
3170 5432871 5222604 210267 210267
3180 5432871 5222604 210267 210267
3190 5432871 5222604 210267 210267
3200 5432871 5222604 210267 210267
3210 5432871 5222604 210267 210267
3220 5432871 5222604 210267 210267
3230 5432871 5222604 210267 210267
3240 5432871 5222604 210267 210267
3250 5432871 5222604 210267 210267
3260 5432871 5222604 210267 210267
3270 5432871 5222604 210267 210267
3280 5432871 5222604 210267 210267
3290 5432871 5222604 210267 210267
3300 5432871 5222604 210267 210267
3310 5432871 5222604 210267 210267
3320 5432871 5222604 210267 210267
3330 5432871 5222604 210267 210267
3340 5432871 5222604 210267 210267
3350 5432871 5222604 210267 210267
3360 5432871 5222604 210267 210267
3370 5432871 5222604 210267 210267
3380 5432871 5222604 210267 210267
3390 5432871 5222604 210267 210267
3400 5432871 5222604 210267 210267
3410 5432871 5222604 210267 210267
3420 5432871 5222604 210267 210267
3430 5432871 5222604 210267 210267
3440 5432871 5222604 210267 210267
3450 5432871 5222604 210267 210267
3460 5432871 5222604 210267 210267
3470 5432871 5222604 210267 210267
3480 5432871 5222604 210267 210267
3490 5432871 5222604 210267 210267
3500 5432871 5222604 210267 210267
3510 5432871 5222604 210267 210267
3520 5432871 5222604 210267 210267
3530 5432871 5222604 210267 210267
3540 5432871 5222604 210267 210267
3550 5432871 5222604 210267 210267
3560 5432871 5222604 210267 210267
3570 5432871 5222604 210267 210267
3580 5432871 5222604 210267 210267
3590 5432871 5222604 210267 210267
3600 5432871 5222604 210267 210267
3610 5432871 5222604 210267 210267
3620 5432871 5222604 210267 210267
3630 5432871 5222604 210267 210267
3640 5432871 5222604 210267 210267
3650 5432871 5222604 210267 210267
3660 5432871 5222604 210267 210267
3670 5432871 5222604 210267 210267
3680 5432871 5222604 210267 210267
3690 5432871 5222604 210267 210267
3700 5432871 5222604 210267 210267
3710 5432871 5222604 210267 210267
3720 5432871 5222604 210267 210267
3730 5432871 5222604 210267 210267
3740 5432871 5222604 210267 210267
3750 5432871 5222604 210267 210267
3760 5432871 5222604 210267 210267
3770 5432871 5222604 210267 210267
3780 5432871 5222604 210267 210267
3790 5432871 5222604 210267 210267
3800 5432871 5222604 210267 210267
3810 5432871 5222604 210267 210267
3820 5432871 5222604 210267 210267
3830 5432871 5222604 210267 210267
3840 5432871 5222604 210267 210267
3850 5432871 5222604 210267 210267
3860 5432871 5222604 210267 210267
3870 5432871 5222604 210267 210267
3880 5432871 5222604 210267 210267
3890 5432871 5222604 210267 210267
3900 5432871 5222604 210267 210267
3910 5432871 5222604 210267 210267
3920 5432871 5222604 210267 210267
3930 5432871 5222604 210267 210267
3940 5432871 5222604 210267 210267
3950 5432871 5222604 210267 210267
3960 5432871 5222604 210267 210267
3970 5432871 5222604 210267 210267
3980 5432871 5222604 210267 210267
3990 5432871 5222604 210267 210267
4000 5432871 5222604 210267 210267
4010 5432871 5222604 210267 210267
4020 5432871 5222604 210267 210267
4030 5432871 5222604 210267 210267
4040 5432871 5222604 210267 210267
4050 5432871 5222604 210267 210267
4060 5432871 5222604 210267 210267
4070 5432871 5222604 210267 210267
4080 5432871 5222604 210267 210267
4090 5432871 5222604 210267 210267
4100 5432871 5222604 210267 210267
4110 5432871 5222604 210267 210267
4120 5432871 5222604 210267 210267
4130 5432871 5222604 210267 210267
4140 5432871 5222604 210267 210267
4150 5432871 5222604 210267 210267
4160 5432871 5222604 210267 210267
4170 5432871 5222604 210267 210267
4180 5432871 5222604 210267 210267
4190 5432871 5222604 210267 210267
4200 5432871 5222604 210267 210267
4210 5432871 5222604 210267 210267
4220 5432871 5222604 210267 210267
4230 5432871 5222604 210267 210267
4240 5432871 5222604 210267 210267
4250 5432871 5222604 210267 210267
4260 5432871 5222604 210267 210267
4270 5432871 5222604 210267 210267
4280 5432871 5222604 210267 210267
4290 5432871 5222604 210267 210267
4300 5432871 5222604 210267 210267
4310 5432871 5222604 210267 210267
4320 5432871 5222604 210267 210267
4330 5432871 5222604 210267 210267
4340 5432871 5222604 210267 210267
4350 5432871 5222604 210267 210267
4360 5432871 5222604 210267 210267
4370 5432871 5222604 210267 210267
4380 5432871 5222604 210267 210267
4390 5432871 5222604 210267 210267
4400 5432871 5222604 210267 210267
4410 5432871 5222604 210267 210267
4420 5432871 5222604 210267 210267
4430 5432871 5222604 210267 210267
4440 5432871 5222604 210267 210267
4450 5432871 5222604 210267 210267
4460 5432871 5222604 210267 210267
4470 5432871 5222604 210267 210267
4480 5432871 5222604 210267 210267
4490 5432871 5222604 210267 210267
4500 5432871 5222604 210267 210267
4510 5432871 5222604 210267 210267
4520 5432871 5222604 210267 210267
4530 5432871 5222604 210267 210267
4540 5432871 5222604 210267 210267
4550 5432871 5222604 210267 210267
4560 5432871 5222604 210267 210267
4570 5432871 5222604 210267 210267
4580 5432871 5222604 210267 210267
4590 5432871 5222604 210267 210267
4600 5432871 5222604 210267 210267
4610 5432871 5222604 210267 210267
4620 5432871 5222604 210267 210267
4630 5432871 5222604 210267 210267
4640 5432871 5222604 210267 210267
4650 5432871 5222604 210267 210267
4660 5432871 5222604 210267 210267
4670 5432871 5222604 210267 210267
4680 5432871 5222604 210267 210267
4690 5432871 5222604 210267 210267
4700 5432871 5222604 210267 210267
4710 5432871 5222604 210267 210267
4720 5432871 5222604 210267 210267
4730 5432871 5222604 210267 210267
4740 5432871 5222604 210267 210267
4750 5432871 5222604 210267 210267
4760 5432871 5222604 210267 210267
4770 5432871 5222604 210267 210267
4780 5432871 5222604 210267 210267
4790 5432871 5222604 210267 210267
4800 5432871 5222604 210267 210267
4810 5432871 5222604 210267 210267
4820 5432871 5222604 210267 210267
4830 5432871 5222604 210267 210267
4840 5432871 5222604 210267 210267
4850 5432871 5222604 210267 210267
4860 5432871 5222604 210267 210267
4870 5432871 5222604 210267 210267
4880 5432871 5222604 210267 210267
4890 5432871 5222604 210267 210267
4900 5432871 5222604 210267 210267
4910 5432871 5222604 210267 210267
4920 5432871 5222604 210267 210267
4930 5432871 5222604 210267 210267
4940 5432871 5222604 210267 210267
4950 5432871 5222604 210267 210267
4960 5432871 5222604 210267 210267
4970 5432871 5222604 210267 210267
4980 5432871 5222604 210267 210267
4990 5432871 5222604 210267 210267
5000 5432871 5222604 210267 210267
5010 5432871 5222604 210267 210267
5020 5432871 5222604 210267 210267
5030 5432871 5222604 210267 210267
5040 5432871 5222604 210267 210267
5050 5432871 5222604 210267 210267
5060 5432871 5222604 210267 210267
5070 5432871 5222604 210267 210267
5080 5432871 5222604 210267 210267
5090 5432871 5222604 210267 210267
5100 5432871 5222604 210267 210267
5110 5432871 5222604 210267 210267
5120 5432871 5222604 210267 210267
5130 5432871 5222604 210267 210267
5140 5432871 5222604 210267 210267
5150 5432871 5222604 210267 210267
5160 5432871 5222604 210267 210267
5170 5432871 5222604 210267 210267
5180 5432871 5222604 210267 210267
5190 5432871 5222604 210267 210267
5200 5432871 5222604 210267 210267
5210 5432871 5222604 210267 210267
5220 5432871 5222604 210267 210267
5230 5432871 5222604 210267 210267
5240 5432871 5222604 210267 210267
5250 5432871 5222604 210267 210267
5260 5432871 5222604 210267 210267
5270 5432871 5222604 210267 210267
5280 5432871 5222604 210267 210267
5290 5432871 5222604 210267 210267
5300 5432871 5222604 210267 210267
5310 5432871 5222604 210267 210267
5320 5432871 5222604 210267 210267
5330 5432871 5222604 210267 210267
5340 5432871 5222604 210267 210267
5350 5432871 5222604 210267 210267
5360 5432871 5222604 210267 210267
5370 5432871 5222604 210267 210267
5380 5432871 5222604 210267 210267
5390 5432871 5222604 210267 210267
5400 5432871 5222604 210267 210267
5410 5432871 5222604 210267 210267
5420 5432871 5222604 210267 210267
5430 5432871 5222604 210267 210267
5440 5432871 5222604 210267 210267
5450 5432871 5222604 210267 210267
5460 5432871 5222604 210267 210267
5470 5432871 5222604 210267 210267
5480 5432871 5222604 210267 210267
5490 5432871 5222604 210267 210267
5500 5432871 5222604 210267 210267
5510 5432871 5222604 210267 210267
5520 5432871 5222604 210267 210267
5530 5432871 5222604 210267 210267
5540 5432871 5222604 210267 210267
5550 5432871 5222604 210267 210267
5560 5432871 5222604 210267 210267
5570 5432871 5222604 210267 210267
5580 5432871 5222604 210267 210267
5590 5432871 5222604 210267 210267
5600 5432871 5222604 210267 210267
5610 5432871 5222604 210267 210267
5620 5432871 5222604 210267 210267
5630 5432871 5222604 210267 210267
5640 5432871 5222604 210267 210267
5650 5432871 5222604 210267 210267
5660 5432871 5222604 210267 210267
5670 5432871 5222604 210267 210267
5680 5432871 5222604 210267 210267
5690 5432871 5222604 210267 210267
5700 5432871 5222604 210267 210267
5710 5432871 5222604 210267 210267
5720 5432871 5222604 210267 210267
5730 5432871 5222604 210267 210267
5740 5432871 5222604 210267 210267
5750 5432871 5222604 210267 210267
5760 5432871 5222604 210267 210267
5770 5432871 5222604 210267 210267
5780 5432871 5222604 210267 210267
5790 5432871 5222604 210267 210267
5800 5432871 5222604 210267 210267
5810 5432871 5222604 210267 210267
5820 5432871 5222604 210267 210267
5830 5432871 5222604 210267 210267
5840 5432871 5222604 210267 210267
5850 5432871 5222604 210267 210267
5860 5432871 5222604 210267 210267
5870 5432871 5222604 210267 210267
5880 5432871 5222604 210267 210267
5890 5432871 5222604 210267 210267
5900 5432871 5222604 210267 210267
5910 5432871 5222604 210267 210267
5920 5432871 5222604 210267 210267
5930 5432871 5222604 210267 210267
5940 5432871 5222604 210267 210267
5950 5432871 5222604 210267 210267
5960 5432871 5222604 210267 210267
5970 5432871 5222604 210267 210267
5980 5432871 5222604 210267 210267
5990 5432871 5222604 210267 210267
6000 5432871 5222604 210267 210267
6010 5432871 5222604 210267 210267
6020 5432871 5222604 210267 210267
6030 5432871 5222604 210267 210267
6040 5432871 5222604 210267 210267
6050 5432871 5222604 210267 210267
6060 5432871 5222604 210267 210267
6070 5432871 5222604 210267 210267
6080 5432871 5222604 210267 210267
6090 5432871 5222604 210267 210267
6100 5432871 5222604 210267 210267
6110 5432871 5222604 210267 210267
6120 5432871 5222604 210267 210267
6130 5432871 5222604 210267 210267
6140 5432871 5222604 210267 210267
6150 5432871 5222604 210267 210267
6160 5432871 5222604 210267 210267
6170 5432871 5222604 210267 210267
6180 5432871 5222604 210267 210267
6190 5432871 5222604 210267 210267
6200 5432871 5222604 210267 210267
6210 5432871 5222604 210267 210267
6220 5432871 5222604 210267 210267
6230 5432871 5222604 210267 210267
6240 5432871 5222604 210267 210267
6250 5432871 5222604 210267 210267
6260 5432871 5222604 210267 210267
6270 5432871 5222604 210267 210267
6280 5432871 5222604 210267 210267
6290 5432871 5222604 210267 210267
6300 5432871 5222604 210267 210267
6310 5432871 5222604 210267 210267
6320 5432871 5222604 210267 210267
6330 5432871 5222604 210267 210267
6340 5432871 5222604 210267 210267
6350 5432871 5222604 210267 210267
6360 5432871 5222604 210267 210267
6370 5432871 5222604 210267 210267
6380 5432871 5222604 210267 210267
6390 5432871 5222604 210267 210267
6400 5432871 5222604 210267 210267
6410 5432871 5222604 210267 210267
6420 5432871 5222604 210267 210267
6430 5432871 5222604 210267 210267
6440 5432871 5222604 210267 210267
6450 5432871 5222604 210267 210267
6460 5432871 5222604 210267 210267
6470 5432871 5222604 210267 210267
6480 5432871 5222604 210267 210267
6490 5432871 5222604 210267 210267
6500 5432871 5222604 210267 210267
6510 5432871 5222604 210267 210267
6520 5432871 5222604 210267 210267
6530 5432871 5222604 210267 210267
6540 5432871 5222604 210267 210267
6550 5432871 5222604 210267 210267
6560 5432871 5222604 210267 210267
6570 5432871 5222604 210267 210267
6580 5432871 5222604 210267 210267
6590 5432871 5222604 210267 210267
6600 5432871 5222604 210267 210267
6610 5432871 5222604 210267 210267
6620 5432871 5222604 210267 210267
6630 5432871 5222604 210267 210267
6640 5432871 5222604 210267 210267
6650 5432871 5222604 210267 210267
6660 5432871 5222604 210267 210267
6670 5432871 5222604 210267 210267
6680 5432871 5222604 210267 210267
6690 5432871 5222604 210267 210267
6700 5432871 5222604 210267 210267
6710 5432871 5222604 210267 210267
6720 5432871 5222604 210267 210267
6730 5432871 5222604 210267 210267
6740 5432871 5222604 210267 210267
6750 5432871 5222604 210267 210267
6760 5432871 5222604 210267 210267
6770 5432871 5222604 210267 210267
6780 5432871 5222604 210267 210267
6790 5432871 5222604 210267 210267
6800 5432871 5222604 210267 210267
6810 5432871 5222604 210267 210267
6820 5432871 5222604 210267 210267
6830 5432871 5222604 210267 210267
6840 5432871 5222604 210267 210267
6850 5432871 5222604 210267 210267
6860 5432871 5222604 210267 210267
6870 5432871 5222604 210267 210267
6880 5432871 5222604 210267 210267
6890 5432871 5222604 210267 210267
6900 5432871 5222604 210267 210267
6910 5432871 5222604 210267 210267
6920 5432871 5222604 210267 210267
6930 5432871 5222604 210267 210267
6940 5432871 5222604 210267 210267
6950 5432871 5222604 210267 210267
6960 5432871 5222604 210267 210267
6970 5432871 5222604 210267 210267
6980 5432871 5222604 210267 210267
6990 5432871 5222604 210267 210267
7000 5432871 5222604 210267 210267
7010 5432871 5222604 210267 210267
7020 5432871 5222604 210267 210267
7030 5432871 5222604 210267 210267
7040 5432871 5222604 210267 210267
7050 5432871 5222604 210267 210267
7060 5432871 5222604 210267 210267
7070 5432871 5222604 210267 210267
7080 5432871 5222604 210267 210267
7090 5432871 5222604 210267 210267
7100 5432871 5222604 210267 210267
7110 5432871 5222604 210267 210267
7120 5432871 5222604 210267 210267
7130 5432871 5222604 210267 210267
7140 5432871 5222604 210267 210267
7150 5432871 5222604 210267 210267
7160 5432871 5222604 210267 210267
7170 5432871 5222604 210267 210267
7180 5432871 5222604 210267 210267
7190 5432871 5222604 210267 210267
7200 5432871 5222604 210267 210267
7210 5432871 5222604 210267 210267
7220 5432871 5222604 210267 210267
7230 5432871 5222604 210267 210267
7240 5432871 5222604 210267 210267
7250 5432871 5222604 210267 210267
7260 5432871 5222604 210267 210267
7270 5432871 5222604 210267 210267
7280 5432871 5222604 210267 210267
7290 5432871 5222604 210267 210267
7300 5432871 5222604 210267 210267
7310 5432871 5222604 210267 210267
7320 5432871 5222604 210267 210267
7330 5432871 5222604 210267 210267
7340 5432871 5222604 210267 210267
7350 5432871 5222604 210267 210267
7360 5432871 5222604 210267 210267
7370 5432871 5222604 210267 210267
7380 5432871 5222604 210267 210267
7390 5432871 5222604 210267 210267
7400 5432871 5222604 210267 210267
7410 5432871 5222604 210267 210267
7420 5432871 5222604 210267 210267
7430 5432871 5222604 210267 210267
7440 5432871 5222604 210267 210267
7450 5432871 5222604 210267 210267
7460 5432871 5222604 210267 210267
7470 5432871 5222604 210267 210267
7480 5432871 5222604 210267 210267
7490 5432871 5222604 210267 210267
7500 5432871 5222604 210267 210267
7510 5432871 5222604 210267 210267
7520 5432871 5222604 210267 210267
7530 5432871 5222604 210267 210267
7540 5432871 5222604 210267 210267
7550 5432871 5222604 210267 210267
7560 5432871 5222604 210267 210267
7570 5432871 5222604 210267 210267
7580 5432871 5222604 210267 210267
7590 5432871 5222604 210267 210267
7600 5432871 5222604 210267 210267
7610 5432871 5222604 210267 210267
7620 5432871 5222604 210267 210267
7630 5432871 5222604 210267 210267
7640 5432871 5222604 210267 210267
7650 5432871 5222604 210267 210267
7660 5432871 5222604 210267 210267
7670 5432871 5222604 210267 210267
7680 5432871 5222604 210267 210267
7690 5432871 5222604 210267 210267
7700 5432871 5222604 210267 210267
7710 5432871 5222604 210267 210267
7720 5432871 5222604 210267 210267
7730 5432871 5222604 210267 210267
7740 5432871 5222604 210267 210267
7750 5432871 5222604 210267 210267
7760 5432871 5222604 210267 210267
7770 5432871 5222604 210267 210267
7780 5432871 5222604 210267 210267
7790 5432871 5222604 210267 210267
7800 5432871 5222604 210267 210267
7810 5432871 5222604 210267 210267
7820 5432871 5222604 210267 210267
7830 5432871 5222604 210267 210267
7840 5432871 5222604 210267 210267
7850 5432871 5222604 210267 210267
7860 5432871 5222604 210267 210267
7870 5432871 5222604 210267 210267
7880 5432871 5222604 210267 210267
7890 5432871 5222604 210267 210267
7900 5432871 5222604 210267 210267
7910 5432871 5222604 210267 210267
7920 5432871 5222604 210267 210267
7930 5432871 5222604 210267 210267
7940 5432871 5222604 210267 210267
7950 5432871 5222604 210267 210267
7960 5432871 5222604 210267 210267
7970 5432871 5222604 210267 210267
7980 5432871 5222604 210267 210267
7990 5432871 5222604 210267 210267
8000 5432871 5222604 210267 210267
8010 5432871 5222604 210267 210267
8020 5432871 5222604 210267 210267
8030 5432871 5222604 210267 210267
8040 5432871 5222604 210267 210267
8050 5432871 5222604 210267 210267
8060 5432871 5222604 210267 210267
8070 5432871 5222604 210267 210267
8080 5432871 5222604 210267 210267
8090 5432871 5222604 210267 210267
8100 5432871 5222604 210267 210267
8110 5432871 5222604 210267 210267
8120 5432871 5222604 210267 210267
8130 5432871 5222604 210267 210267
8140 5432871 5222604 210267 210267
8150 5432871 5222604 210267 210267
8160 5432871 5222604 210267 210267
8170 5432871 5222604 210267 210267
8180 5432871 5222604 210267 210267
8190 5432871 5222604 210267 210267
8200 5432871 5222604 210267 210267
8210 5432871 5222604 210267 210267
8220 5432871 5222604 210267 210267
8230 5432871 5222604 210267 210267
8240 5432871 5222604 210267 210267
8250 5432871 5222604 210267 210267
8260 5432871 5222604 210267 210267
8270 5432871 5222604 210267 210267
8280 5432871 5222604 210267 210267
8290 5432871 5222604 210267 210267
8300 5432871 5222604 210267 210267
8310 5432871 5222604 210267 210267
8320 5432871 5222604 210267 210267
8330 5432871 5222604 210267 210267
8340 5432871 5222604 210267 210267
8350 5432871 5222604 210267 210267
8360 5432871 5222604 210267 210267
8370 5432871 5222604 210267 210267
8380 5432871 5222604 210267 210267
8390 5432871 5222604 210267 210267
8400 5432871 5222604 210267 210267
8410 5432871 5222604 210267 210267
8420 5432871 5222604 210267 210267
8430 5432871 5222604 210267 210267
8440 5432871 5222604 210267 210267
8450 5432871 5222604 210267 210267
8460 5432871 5222604 210267 210267
8470 5432871 5222604 210267 210267
8480 5432871 5222604 210267 210267
8490 5432871 5222604 210267 210267
8500 5432871 5222604 210267 210267
8510 5432871 5222604 210267 210267
8520 5432871 5222604 210267 210267
8530 5432871 5222604 210267 210267
8540 5432871 5222604 210267 210267
8550 5432871 5222604 210267 210267
8560 5432871 5222604 210267 210267
8570 5432871 5222604 210267 210267
8580 5432871 5222604 210267 210267
8590 5432871 5222604 210267 210267
8600 5432871 5222604 210267 210267
8610 5432871 5222604 210267 210267
8620 5432871 5222604 210267 210267
8630 5432871 5222604 210267 210267
8640 5432871 5222604 210267 210267
8650 5432871 5222604 210267 210267
8660 5432871 5222604 210267 210267
8670 5432871 5222604 210267 210267
8680 5432871 5222604 210267 210267
8690 5432871 5222604 210267 210267
8700 5432871 5222604 210267 210267
8710 5432871 5222604 210267 210267
8720 5432871 5222604 210267 210267
8730 5432871 5222604 210267 210267
8740 5432871 5222604 210267 210267
8750 5432871 5222604 210267 210267
8760 5432871 5222604 210267 210267
8770 5432871 5222604 210267 210267
8780 5432871 5222604 210267 210267
8790 5432871 5222604 210267 210267
8800 5432871 5222604 210267 210267
8810 5432871 5222604 210267 210267
8820 5432871 5222604 210267 210267
8830 5432871 5222604 210267 210267
8840 5432871 5222604 210267 210267
8850 5432871 5222604 210267 210267
8860 5432871 5222604 210267 210267
8870 5432871 5222604 210267 210267
8880 5432871 5222604 210267 210267
8890 5432871 5222604 210267 210267
8900 5432871 5222604 210267 210267
8910 5432871 5222604 210267 210267
8920 5432871 5222604 210267 210267
8930 5432871 5222604 210267 210267
8940 5432871 5222604 210267 210267
8950 5432871 5222604 210267 210267
8960 5432871 5222604 210267 210267
8970 5432871 5222604 210267 210267
8980 5432871 5222604 210267 210267
8990 5432871 5222604 210267 210267
9000 5432871 5222604 210267 210267
9010 5432871 5222604 210267 210267
9020 5432871 5222604 210267 210267
9030 5432871 5222604 210267 210267
9040 5432871 5222604 210267 210267
9050 5432871 5222604 210267 210267
9060 5432871 5222604 210267 210267
9070 5432871 5222604 210267 210267
9080 5432871 5222604 210267 210267
9090 5432871 5222604 210267 210267
9100 5432871 5222604 210267 210267
9110 5432871 5222604 210267 210267
9120 5432871 5222604 210267 210267
9130 5432871 5222604 210267 210267
9140 5432871 5222604 210267 210267
9150 5432871 5222604 210267 210267
9160 5432871 5222604 210267 210267
9170 5432871 5222604 210267 210267
9180 5432871 5222604 210267 210267
9190 5432871 5222604 210267 210267
9200 5432871 5222604 210267 210267
9210 5432871 5222604 210267 210267
9220 5432871 5222604 210267 210267
9230 5432871 5222604 210267 210267
9240 5432871 5222604 210267 210267
9250 5432871 5222604 210267 210267
9260 5432871 5222604 210267 210267
9270 5432871 5222604 210267 210267
9280 5432871 5222604 210267 210267
9290 5432871 5222604 210267 210267
9300 5432871 5222604 210267 210267
9310 5432871 5222604 210267 210267
9320 5432871 5222604 210267 210267
9330 5432871 5222604 210267 210267
9340 5432871 5222604 210267 210267
9350 5432871 5222604 210267 210267
9360 5432871 5222604 210267 210267
9370 5432871 5222604 210267 210267
9380 5432871 5222604 210267 210267
9390 5432871 5222604 210267 210267
9400 5432871 5222604 210267 210267
9410 5432871 5222604 210267 210267
9420 5432871 5222604 210267 210267
9430 5432871 5222604 210267 210267
9440 5432871 5222604 210267 210267
9450 5432871 5222604 210267 210267
9460 5432871 5222604 210267 210267
9470 5432871 5222604 210267 210267
9480 5432871 5222604 210267 210267
9490 5432871 5222604 210267 210267
9500 5432871 5222604 210267 210267
9510 5432871 5222604 210267 210267
9520 5432871 5222604 210267 210267
9530 5432871 5222604 210267 210267
9540 5432871 5222604 210267 210267
9550 5432871 5222604 210267 210267
9560 5432871 5222604 210267 210267
9570 5432871 5222604 210267 210267
9580 5432871 5222604 210267 210267
9590 5432871 5222604 210267 210267
9600 5432871 5222604 210267 210267
9610 5432871 5222604 210267 210267
9620 5432871 5222604 210267 210267
9630 5432871 5222604 210267 210267
9640 5432871 5222604 210267 210267
9650 5432871 5222604 210267 210267
9660 5432871 5222604 210267 210267
9670 5432871 5222604 210267 210267
9680 5432871 5222604 210267 210267
9690 5432871 5222604 210267 210267
9700 5432871 5222604 210267 210267
9710 5432871 5222604 210267 210267
9720 5432871 5222604 210267 210267
9730 5432871 5222604 210267 210267
9740 5432871 5222604 210267 210267
9750 5432871 5222604 210267 210267
9760 5432871 5222604 210267 210267
9770 5432871 5222604 210267 210267
9780 5432871 5222604 210267 210267
9790 5432871 5222604 210267 210267
9800 5432871 5222604 210267 210267
9810 5432871 5222604 210267 210267
9820 5432871 5222604 210267 210267
9830 5432871 5222604 210267 210267
9840 5432871 5222604 210267 210267
9850 5432871 5222604 210267 210267
9860 5432871 5222604 210267 210267
9870 5432871 5222604 210267 210267
9880 5432871 5222604 210267 210267
9890 5432871 5222604 210267 210267
9900 5432871 5222604 210267 210267
9910 5432871 5222604 210267 210267
9920 5432871 5222604 210267 210267
9930 5432871 5222604 210267 210267
9940 5432871 5222604 210267 210267
9950 5432871 5222604 210267 210267
9960 5432871 5222604 210267 210267
9970 5432871 5222604 210267 210267
9980 5432871 5222604 210267 210267
9990 5432871 5222604 210267 210267
10000 5432871 5222604 210267 210267
10010 5432871 5222604 210267 210267
10020 5432871 5222604 210267 210267
10030 5432871 5222604 210267 210267
10040 5432871 5222604 210267 210267
10050 5432871 5222604 210267 210267
10060 5432871 5222604 210267 210267
10070 5432871 5222604 210267 210267
10080 5432871 5222604 210267 210267
10090 5432871 5222604 210267 210267
10100 5432871 5222604 210267 210267
10110 5432871 5222604 210267 210267
10120 5432871 5222604 210267 210267
10130 5432871 5222604 210267 210267
10140 5432871 5222604 210267 210267
10150 5432871 5222604 210267 210267
10160 5432871 5222604 210267 210267
10170 5432871 5222604 210267 210267
10180 5432871 5222604 210267 210267
10190 5432871 5222604 210267 210267
10200 5432871 5222604 210267 210267
10210 5432871 5222604 210267 210267
10220 5432871 5222604 210267 210267
10230 5432871 5222604 210267 210267
10240 5432871 5222604 210267 210267
10250 5432871 5222604 210267 210267
10260 5432871 5222604 210267 210267
10270 5432871 5222604 210267 210267
10280 5432871 5222604 210267 210267
10290 5432871 5222604 210267 210267
10300 5432871 5222604 210267 210267
10310 5432871 5222604 210267 210267
10320 5432871 5222604 210267 210267
10330 5432871 5222604 210267 210267
10340 5432871 5222604 210267 210267
10350 5432871 5222604 210267 210267
10360 5432871 5222604 210267 210267
10370 5432871 5222604 210267 210267
10380 5432871 5222604 210267 210267
10390 5432871 5222604 210267 210267
10400 5432871 5222604 210267 210267
10410 5432871 5222604 210267 210267
10420 5432871 5222604 210267 210267
10430 5432871 5222604 210267 210267
10440 5432871 5222604 210267 210267
10450 5432871 5222604 210267 210267
10460 5432871 5222604 210267 210267
10470 5432871 5222604 210267 210267
10480 5432871 5222604 210267 210267
10490 5432871 5222604 210267 210267
10500 5432871 5222604 210267 210267
10510 5432871 5222604 210267 210267
10520 5432871 5222604 210267 210267
10530 5432871 5222604 210267 210267
10540 5432871 5222604 210267 210267
10550 5432871 5222604 210267 210267
10560 5432871 5222604 210267 210267
10570 5432871 5222604 210267 210267
10580 5432871 5222604 210267 210267
10590 5432871 5222604 210267 210267
10600 5432871 5222604 210267 210267
10610 5432871 5222604 210267 210267
10620 5432871 5222604 210267 210267
10630 5432871 5222604 210267 210267
10640 5432871 5222604 210267 210267
10650 5432871 5222604 210267 210267
10660 5432871 5222604 210267 210267
10670 5432871 5222604 210267 210267
10680 5432871 5222604 210267 210267
10690 5432871 5222604 210267 210267
10700 5432871 5222604 210267 210267
10710 5432871 5222604 210267 210267
10720 5432871 5222604 210267 210267
10730 5432871 5222604 210267 210267
10740 5432871 5222604 210267 210267
10750 5432871 5222604 210267 210267
10760 5432871 5222604 210267 210267
10770 5432871 5222604 210267 210267
10780 5432871 5222604 210267 210267
10790 5432871 5222604 210267 210267
10800 5432871 5222604 210267 210267
10810 5432871 5222604 210267 210267
10820 5432871 5222604 210267 210267
10830 5432871 5222604 210267 210267
10840 5432871 5222604 210267 210267
10850 5432871 5222604 210267 210267
10860 5432871 5222604 210267 210267
10870 5432871 5222604 210267 210267
10880 5432871 5222604 210267 210267
10890 5432871 5222604 210267 210267
10900 5432871 5222604 210267 210267
10910 5432871 5222604 210267 210267
10920 5432871 5222604 210267 210267
10930 5432871 5222604 210267 210267
10940 5432871 5222604 210267 210267
10950 5432871 5222604 210267 210267
10960 5432871 5222604 210267 210267
10970 5432871 5222604 210267 210267
10980 5432871 5222604 210267 210267
10990 5432871 5222604 210267 210267
11000 5432871 5222604 210267 210267
11010 5432871 5222604 210267 210267
11020 5432871 5222604 210267 210267
11030 5432871 5222604 210267 210267
11040 5432871 5222604 210267 210267
11050 5432871 5222604 210267 210267
11060 5432871 5222604 210267 210267
11070 5432871 5222604 210267 210267
11080 5432871 5222604 210267 210267
11090 5432871 5222604 210267 210267
11100 5432871 5222604 210267 210267
11110 5432871 5222604 210267 210267
11120 5432871 5222604 210267 210267
11130 5432871 5222604 210267 210267
11140 5432871 5222604 210267 210267
11150 5432871 5222604 210267 210267
11160 5432871 5222604 210267 210267
11170 5432871 5222604 210267 210267
11180 5432871 5222604 210267 210267
11190 5432871 5222604 210267 210267
11200 5432871 5222604 210267 210267
11210 5432871 5222604 210267 210267
11220 5432871 5222604 210267 210267
11230 5432871 5222604 210267 210267
11240 5432871 5222604 210267 210267
11250 5432871 5222604 210267 210267
11260 5432871 5222604 210267 210267
11270 5432871 5222604 210267 210267
11280 5432871 5222604 210267 210267
11290 5432871 5222604 210267 210267
11300 5432871 5222604 210267 210267
11310 5432871 5222604 210267 210267
11320 5432871 5222604 210267 210267
11330 5432871 5222604 210267 210267
11340 5432871 5222604 210267 210267
11350 5432871 5222604 210267 210267
11360 5432871 5222604 210267 210267
11370 5432871 5222604 210267 210267
11380 5432871 5222604 210267 210267
11390 5432871 5222604 210267 210267
11400 5432871 5222604 210267 210267
11410 5432871 5222604 210267 210267
11420 5432871 5222604 210267 210267
11430 5432871 5222604 210267 210267
11440 5432871 5222604 210267 210267
11450 5432871 5222604 210267 210267
11460 5432871 5222604 210267 210267
11470 5432871 5222604 210267 210267
11480 5432871 5222604 210267 210267
11490 5432871 5222604 210267 210267
11500 5432871 5222604 210267 210267
11510 5432871 5222604 210267 210267
11520 5432871 5222604 210267 210267
11530 5432871 5222604 210267 210267
11540 5432871 5222604 210267 210267
11550 5432871 5222604 210267 210267
11560 5432871 5222604 210267 210267
11570 5432871 5222604 210267 210267
11580 5432871 5222604 210267 210267
11590 5432871 5222604 210267 210267
11600 5432871 5222604 210267 210267
11610 5432871 5222604 210267 210267
11620 5432871 5222604 210267 210267
11630 5432871 5222604 210267 210267
11640 5432871 5222604 210267 210267
11650 5432871 5222604 210267 210267
11660 5432871 5222604 210267 210267
11670 5432871 5222604 210267 210267
11680 5432871 5222604 210267 210267
11690 5432871 5222604 210267 210267
11700 5432871 5222604 210267 210267
11710 5432871 5222604 210267 210267
11720 5432871 5222604 210267 210267
11730 5432871 5222604 210267 210267
11740 5432871 5222604 210267 210267
11750 5432871 5222604 210267 210267
11760 5432871 5222604 210267 210267
11770 5432871 5222604 210267 210267
11780 5432871 5222604 210267 210267
11790 5432871 5222604 210267 210267
11800 5432871 5222604 210267 210267
11810 5432871 5222604 210267 210267
11820 5432871 5222604 210267 210267
11830 5432871 5222604 210267 210267
11840 5432871 5222604 210267 210267
11850 5432871 5222604 210267 210267
11860 5432871 5222604 210267 210267
11870 5432871 5222604 210267 210267
11880 5432871 5222604 210267 210267
11890 5432871 5222604 210267 210267
11900 5432871 5222604 210267 210267
11910 5432871 5222604 210267 210267
11920 5432871 5222604 210267 210267
11930 5432871 5222604 210267 210267
11940 5432871 5222604 210267 210267
11950 5432871 5222604 210267 210267
11960 5432871 5222604 210267 210267
11970 5432871 5222604 210267 210267
11980 5432871 5222604 210267 210267
11990 5432871 5222604 210267 210267
12000 5432871 5222604 210267 210267
12010 5432871 5222604 210267 210267
12020 5432871 5222604 210267 210267
12030 5432871 5222604 210267 210267
12040 5432871 5222604 210267 210267
12050 5432871 5222604 210267 210267
12060 5432871 5222604 210267 210267
12070 5432871 5222604 210267 210267
12080 5432871 5222604 210267 210267
12090 5432871 5222604 210267 210267
12100 5432871 5222604 210267 210267
12110 5432871 5222604 210267 210267
12120 5432871 5222604 210267 210267
12130 5432871 5222604 210267 210267
12140 5432871 5222604 210267 210267
12150 5432871 5222604 210267 210267
12160 5432871 5222604 210267 210267
12170 5432871 5222604 210267 210267
12180 5432871 5222604 210267 210267
12190 5432871 5222604 210267 210267
12200 5432871 5222604 210267 210267
12210 5432871 5222604 210267 210267
12220 5432871 5222604 210267 210267
12230 5432871 5222604 210267 210267
12240 5432871 5222604 210267 210267
12250 5432871 5222604 210267 210267
12260 5432871 5222604 210267 210267
12270 5432871 5222604 210267 210267
12280 5432871 5222604 210267 210267
12290 5432871 5222604 210267 210267
12300 5432871 5222604 210267 210267
12310 5432871 5222604 210267 210267
12320 5432871 5222604 210267 210267
12330 5432871 5222604 210267 210267
12340 5432871 5222604 210267 210267
12350 5432871 5222604 210267 210267
12360 5432871 5222604 210267 210267
12370 5432871 5222604 210267 210267
12380 5432871 5222604 210267 210267
12390 5432871 5222604 210267 210267
12400 5432871 5222604 210267 210267
12410 5432871 5222604 210267 210267
12420 5432871 5222604 210267 210267
12430 5432871 5222604 210267 210267
12440 5432871 5222604 210267 210267
12450 5432871 5222604 210267 210267
12460 5432871 5222604 210267 210267
12470 5432871 5222604 210267 210267
12480 5432871 5222604 210267 210267
12490 5432871 5222604 210267 210267
12500 5432871 5222604 210267 210267
12510 5432871 5222604 210267 210267
12520 5432871 5222604 210267 210267
12530 5432871 5222604 210267 210267
12540 5432871 5222604 210267 210267
12550 5432871 5222604 210267 210267
12560 5432871 5222604 210267 210267
12570 5432871 5222604 210267 210267
12580 5432871 5222604 210267 210267
12590 5432871 5222604 210267 210267
12600 5432871 5222604 210267 210267
12610 5432871 5222604 210267 210267

