Optimal path [nodeId(time to the node):
17(0) -> 51(126) -> 47(134) -> 97(136) -> 60(109) -> 10(134) -> 27(113) -> 41(118) -> 32(133) -> 39(112) -> 54(126) -> 64(126) -> 66(131) -> 42(115) -> 83(122) -> 68(118) -> 0(101) -> 56(123) -> 19(139) -> 37(130) -> 46(147) -> 21(129) -> 36(111) -> 55(137) -> 43(135) -> 65(135) -> 94(141) -> 2(137) -> 90(135) -> 81(115) -> 44(137) -> 99(117) -> 86(117) -> 92(127) -> 23(140) -> 29(129) -> 63(138) -> 76(127) -> 77(117) -> 85(131) -> 40(137) -> 75(137) -> 50(137) -> 5(135) -> 13(138) -> 38(121) -> 88(138) -> 7(116) -> 84(129) -> 98(118) -> 30(133) -> 35(115) -> 22(122) -> 33(108) -> 74(109) -> 80(131) -> 87(131) -> 34(110) -> 78(120) -> 57(122) -> 73(127) -> 58(126) -> 14(124) -> 52(133) -> 70(140) -> 79(130) -> 67(127) -> 11(118) -> 93(128) -> 82(124) -> 9(127) -> 18(121) -> 24(117) -> 16(126) -> 15(128) -> 62(129) -> 4(124) -> 72(126) -> 25(115) -> 6(115) -> 26(132) -> 8(103) -> 31(115) -> 96(141) -> 59(132) -> 89(122) -> 69(121) -> 3(130) -> 12(125) -> 49(133) -> 28(122) -> 48(126) -> 45(125) -> 71(139) -> 1(128) -> 95(132) -> 20(143) -> 53(131) -> 91(117) -> 61(142)
Total time of delivery: 12519
The cost function value: 2404568

Statistics at the end of simulation: 
Residents: 5432871
Illness cases: 4796618 --> [88.2888255583466%]
Healthy residents: 636253 --> [11.711174441653409%]
Vaccinated residents636253 --> [11.711174441653409%]

Statistics of each node: 
id residentsNumber illnessCases healthyResidents vaccinated
17 27216 1 27215 27215
51 94699 4 94695 94695
47 98952 20 98932 98932
97 86845 97 86748 86748
60 91794 341 91453 91453
10 95932 1606 94326 94326
27 80174 5928 74246 74246
41 91808 23170 68638 68638
32 59165 59165 0 0
39 32804 32804 0 0
54 69376 69376 0 0
64 22353 22353 0 0
66 26230 26230 0 0
42 68898 68898 0 0
83 46841 46841 0 0
68 42462 42462 0 0
0 59902 59902 0 0
56 80108 80108 0 0
19 87851 87851 0 0
37 51694 51694 0 0
46 73816 73816 0 0
21 82806 82806 0 0
36 85682 85682 0 0
55 88344 88344 0 0
43 79446 79446 0 0
65 70610 70610 0 0
94 76894 76894 0 0
2 43074 43074 0 0
90 80008 80008 0 0
81 89526 89526 0 0
44 15573 15573 0 0
99 28053 28053 0 0
86 26732 26732 0 0
92 24523 24523 0 0
23 20873 20873 0 0
29 15814 15814 0 0
63 51706 51706 0 0
76 31382 31382 0 0
77 28452 28452 0 0
85 44972 44972 0 0
40 31222 31222 0 0
75 26017 26017 0 0
50 30829 30829 0 0
5 15364 15364 0 0
13 61304 61304 0 0
38 33030 33030 0 0
88 37474 37474 0 0
7 29243 29243 0 0
84 70627 70627 0 0
98 93006 93006 0 0
30 67192 67192 0 0
35 96767 96767 0 0
22 73621 73621 0 0
33 13135 13135 0 0
74 81649 81649 0 0
80 67722 67722 0 0
87 20655 20655 0 0
34 28894 28894 0 0
78 57716 57716 0 0
57 39724 39724 0 0
73 49077 49077 0 0
58 16081 16081 0 0
14 81887 81887 0 0
52 63153 63153 0 0
70 36163 36163 0 0
79 84379 84379 0 0
67 37842 37842 0 0
11 84816 84816 0 0
93 39916 39916 0 0
82 15231 15231 0 0
9 60305 60305 0 0
18 16978 16978 0 0
24 37355 37355 0 0
16 82700 82700 0 0
15 78003 78003 0 0
62 19500 19500 0 0
4 56018 56018 0 0
72 90063 90063 0 0
25 67586 67586 0 0
6 12672 12672 0 0
26 26605 26605 0 0
8 45160 45160 0 0
31 69146 69146 0 0
96 73344 73344 0 0
59 83546 83546 0 0
89 68284 68284 0 0
69 66112 66112 0 0
3 57882 57882 0 0
12 79926 79926 0 0
49 19584 19584 0 0
28 91749 91749 0 0
48 13555 13555 0 0
45 46217 46217 0 0
71 23666 23666 0 0
1 49456 49456 0 0
95 71066 71066 0 0
20 48774 48774 0 0
53 61988 61988 0 0
91 32862 32862 0 0
61 25643 25643 0 0

Statistics step by step: 
minute residentsNumber illnessCases healthyResidents vaccinated
0 5432871 100 5432771 27215
10 5432871 100 5432771 27215
20 5432871 100 5432771 27215
30 5432871 100 5432771 27215
40 5432871 100 5432771 27215
50 5432871 100 5432771 27215
60 5432871 199 5432672 27215
70 5432871 199 5432672 27215
80 5432871 199 5432672 27215
90 5432871 199 5432672 27215
100 5432871 298 5432573 27215
110 5432871 298 5432573 27215
120 5432871 397 5432474 27215
130 5432871 397 5432474 121910
140 5432871 495 5432376 121910
150 5432871 495 5432376 121910
160 5432871 593 5432278 121910
170 5432871 691 5432180 121910
180 5432871 789 5432082 121910
190 5432871 789 5432082 121910
200 5432871 985 5431886 121910
210 5432871 1083 5431788 121910
220 5432871 1181 5431690 121910
230 5432871 1377 5431494 121910
240 5432871 1573 5431298 121910
250 5432871 1671 5431200 121910
260 5432871 1965 5430906 220842
270 5432871 2159 5430712 220842
280 5432871 2450 5430421 220842
290 5432871 2741 5430130 220842
300 5432871 3129 5429742 220842
310 5432871 3420 5429451 220842
320 5432871 3905 5428966 220842
330 5432871 4390 5428481 220842
340 5432871 4875 5427996 220842
350 5432871 5554 5427317 220842
360 5432871 6233 5426638 220842
370 5432871 6912 5425959 220842
380 5432871 7785 5425086 220842
390 5432871 8755 5424116 220842
400 5432871 9818 5423053 307590
410 5432871 11066 5421805 307590
420 5432871 12410 5420461 307590
430 5432871 13850 5419021 307590
440 5432871 15578 5417293 307590
450 5432871 17498 5415373 307590
460 5432871 19610 5413261 307590
470 5432871 22010 5410861 307590
480 5432871 24698 5408173 307590
490 5432871 27674 5405197 307590
500 5432871 31034 5401837 307590
510 5432871 34853 5398018 399043
520 5432871 39033 5393838 399043
530 5432871 43783 5389088 399043
540 5432871 49103 5383768 399043
550 5432871 54993 5377878 399043
560 5432871 61738 5371133 399043
570 5432871 69243 5363628 399043
580 5432871 77603 5355268 399043
590 5432871 87103 5345768 399043
600 5432871 97743 5335128 399043
610 5432871 109618 5323253 399043
620 5432871 123013 5309858 399043
630 5432871 138023 5294848 399043
640 5432871 154819 5278052 493369
650 5432871 173525 5259346 493369
660 5432871 194581 5238290 493369
670 5432871 218081 5214790 493369
680 5432871 244589 5188282 493369
690 5432871 274293 5158578 493369
700 5432871 307569 5125302 493369
710 5432871 345075 5087796 493369
720 5432871 387093 5045778 493369
730 5432871 434187 4998684 493369
740 5432871 487109 4945762 493369
750 5432871 546517 4886354 493369
760 5432871 612590 4820281 567615
770 5432871 686711 4746160 567615
780 5432871 769853 4663018 567615
790 5432871 863132 4569739 567615
800 5432871 967850 4465021 567615
810 5432871 1085402 4347469 567615
820 5432871 1216945 4215926 567615
830 5432871 1360999 4071872 567615
840 5432871 1518062 3914809 567615
850 5432871 1687160 3745711 567615
860 5432871 1874128 3558743 567615
870 5432871 2075795 3357076 636253
880 5432871 2292892 3139979 636253
890 5432871 2518406 2914465 636253
900 5432871 2753178 2679693 636253
910 5432871 2997685 2435186 636253
920 5432871 3253871 2179000 636253
930 5432871 3522081 1910790 636253
940 5432871 3791289 1641582 636253
950 5432871 4068030 1364841 636253
960 5432871 4333822 1099049 636253
970 5432871 4561928 870943 636253
980 5432871 4728793 704078 636253
990 5432871 4792207 640664 636253
1000 5432871 4796618 636253 636253
1010 5432871 4796618 636253 636253
1020 5432871 4796618 636253 636253
1030 5432871 4796618 636253 636253
1040 5432871 4796618 636253 636253
1050 5432871 4796618 636253 636253
1060 5432871 4796618 636253 636253
1070 5432871 4796618 636253 636253
1080 5432871 4796618 636253 636253
1090 5432871 4796618 636253 636253
1100 5432871 4796618 636253 636253
1110 5432871 4796618 636253 636253
1120 5432871 4796618 636253 636253
1130 5432871 4796618 636253 636253
1140 5432871 4796618 636253 636253
1150 5432871 4796618 636253 636253
1160 5432871 4796618 636253 636253
1170 5432871 4796618 636253 636253
1180 5432871 4796618 636253 636253
1190 5432871 4796618 636253 636253
1200 5432871 4796618 636253 636253
1210 5432871 4796618 636253 636253
1220 5432871 4796618 636253 636253
1230 5432871 4796618 636253 636253
1240 5432871 4796618 636253 636253
1250 5432871 4796618 636253 636253
1260 5432871 4796618 636253 636253
1270 5432871 4796618 636253 636253
1280 5432871 4796618 636253 636253
1290 5432871 4796618 636253 636253
1300 5432871 4796618 636253 636253
1310 5432871 4796618 636253 636253
1320 5432871 4796618 636253 636253
1330 5432871 4796618 636253 636253
1340 5432871 4796618 636253 636253
1350 5432871 4796618 636253 636253
1360 5432871 4796618 636253 636253
1370 5432871 4796618 636253 636253
1380 5432871 4796618 636253 636253
1390 5432871 4796618 636253 636253
1400 5432871 4796618 636253 636253
1410 5432871 4796618 636253 636253
1420 5432871 4796618 636253 636253
1430 5432871 4796618 636253 636253
1440 5432871 4796618 636253 636253
1450 5432871 4796618 636253 636253
1460 5432871 4796618 636253 636253
1470 5432871 4796618 636253 636253
1480 5432871 4796618 636253 636253
1490 5432871 4796618 636253 636253
1500 5432871 4796618 636253 636253
1510 5432871 4796618 636253 636253
1520 5432871 4796618 636253 636253
1530 5432871 4796618 636253 636253
1540 5432871 4796618 636253 636253
1550 5432871 4796618 636253 636253
1560 5432871 4796618 636253 636253
1570 5432871 4796618 636253 636253
1580 5432871 4796618 636253 636253
1590 5432871 4796618 636253 636253
1600 5432871 4796618 636253 636253
1610 5432871 4796618 636253 636253
1620 5432871 4796618 636253 636253
1630 5432871 4796618 636253 636253
1640 5432871 4796618 636253 636253
1650 5432871 4796618 636253 636253
1660 5432871 4796618 636253 636253
1670 5432871 4796618 636253 636253
1680 5432871 4796618 636253 636253
1690 5432871 4796618 636253 636253
1700 5432871 4796618 636253 636253
1710 5432871 4796618 636253 636253
1720 5432871 4796618 636253 636253
1730 5432871 4796618 636253 636253
1740 5432871 4796618 636253 636253
1750 5432871 4796618 636253 636253
1760 5432871 4796618 636253 636253
1770 5432871 4796618 636253 636253
1780 5432871 4796618 636253 636253
1790 5432871 4796618 636253 636253
1800 5432871 4796618 636253 636253
1810 5432871 4796618 636253 636253
1820 5432871 4796618 636253 636253
1830 5432871 4796618 636253 636253
1840 5432871 4796618 636253 636253
1850 5432871 4796618 636253 636253
1860 5432871 4796618 636253 636253
1870 5432871 4796618 636253 636253
1880 5432871 4796618 636253 636253
1890 5432871 4796618 636253 636253
1900 5432871 4796618 636253 636253
1910 5432871 4796618 636253 636253
1920 5432871 4796618 636253 636253
1930 5432871 4796618 636253 636253
1940 5432871 4796618 636253 636253
1950 5432871 4796618 636253 636253
1960 5432871 4796618 636253 636253
1970 5432871 4796618 636253 636253
1980 5432871 4796618 636253 636253
1990 5432871 4796618 636253 636253
2000 5432871 4796618 636253 636253
2010 5432871 4796618 636253 636253
2020 5432871 4796618 636253 636253
2030 5432871 4796618 636253 636253
2040 5432871 4796618 636253 636253
2050 5432871 4796618 636253 636253
2060 5432871 4796618 636253 636253
2070 5432871 4796618 636253 636253
2080 5432871 4796618 636253 636253
2090 5432871 4796618 636253 636253
2100 5432871 4796618 636253 636253
2110 5432871 4796618 636253 636253
2120 5432871 4796618 636253 636253
2130 5432871 4796618 636253 636253
2140 5432871 4796618 636253 636253
2150 5432871 4796618 636253 636253
2160 5432871 4796618 636253 636253
2170 5432871 4796618 636253 636253
2180 5432871 4796618 636253 636253
2190 5432871 4796618 636253 636253
2200 5432871 4796618 636253 636253
2210 5432871 4796618 636253 636253
2220 5432871 4796618 636253 636253
2230 5432871 4796618 636253 636253
2240 5432871 4796618 636253 636253
2250 5432871 4796618 636253 636253
2260 5432871 4796618 636253 636253
2270 5432871 4796618 636253 636253
2280 5432871 4796618 636253 636253
2290 5432871 4796618 636253 636253
2300 5432871 4796618 636253 636253
2310 5432871 4796618 636253 636253
2320 5432871 4796618 636253 636253
2330 5432871 4796618 636253 636253
2340 5432871 4796618 636253 636253
2350 5432871 4796618 636253 636253
2360 5432871 4796618 636253 636253
2370 5432871 4796618 636253 636253
2380 5432871 4796618 636253 636253
2390 5432871 4796618 636253 636253
2400 5432871 4796618 636253 636253
2410 5432871 4796618 636253 636253
2420 5432871 4796618 636253 636253
2430 5432871 4796618 636253 636253
2440 5432871 4796618 636253 636253
2450 5432871 4796618 636253 636253
2460 5432871 4796618 636253 636253
2470 5432871 4796618 636253 636253
2480 5432871 4796618 636253 636253
2490 5432871 4796618 636253 636253
2500 5432871 4796618 636253 636253
2510 5432871 4796618 636253 636253
2520 5432871 4796618 636253 636253
2530 5432871 4796618 636253 636253
2540 5432871 4796618 636253 636253
2550 5432871 4796618 636253 636253
2560 5432871 4796618 636253 636253
2570 5432871 4796618 636253 636253
2580 5432871 4796618 636253 636253
2590 5432871 4796618 636253 636253
2600 5432871 4796618 636253 636253
2610 5432871 4796618 636253 636253
2620 5432871 4796618 636253 636253
2630 5432871 4796618 636253 636253
2640 5432871 4796618 636253 636253
2650 5432871 4796618 636253 636253
2660 5432871 4796618 636253 636253
2670 5432871 4796618 636253 636253
2680 5432871 4796618 636253 636253
2690 5432871 4796618 636253 636253
2700 5432871 4796618 636253 636253
2710 5432871 4796618 636253 636253
2720 5432871 4796618 636253 636253
2730 5432871 4796618 636253 636253
2740 5432871 4796618 636253 636253
2750 5432871 4796618 636253 636253
2760 5432871 4796618 636253 636253
2770 5432871 4796618 636253 636253
2780 5432871 4796618 636253 636253
2790 5432871 4796618 636253 636253
2800 5432871 4796618 636253 636253
2810 5432871 4796618 636253 636253
2820 5432871 4796618 636253 636253
2830 5432871 4796618 636253 636253
2840 5432871 4796618 636253 636253
2850 5432871 4796618 636253 636253
2860 5432871 4796618 636253 636253
2870 5432871 4796618 636253 636253
2880 5432871 4796618 636253 636253
2890 5432871 4796618 636253 636253
2900 5432871 4796618 636253 636253
2910 5432871 4796618 636253 636253
2920 5432871 4796618 636253 636253
2930 5432871 4796618 636253 636253
2940 5432871 4796618 636253 636253
2950 5432871 4796618 636253 636253
2960 5432871 4796618 636253 636253
2970 5432871 4796618 636253 636253
2980 5432871 4796618 636253 636253
2990 5432871 4796618 636253 636253
3000 5432871 4796618 636253 636253
3010 5432871 4796618 636253 636253
3020 5432871 4796618 636253 636253
3030 5432871 4796618 636253 636253
3040 5432871 4796618 636253 636253
3050 5432871 4796618 636253 636253
3060 5432871 4796618 636253 636253
3070 5432871 4796618 636253 636253
3080 5432871 4796618 636253 636253
3090 5432871 4796618 636253 636253
3100 5432871 4796618 636253 636253
3110 5432871 4796618 636253 636253
3120 5432871 4796618 636253 636253
3130 5432871 4796618 636253 636253
3140 5432871 4796618 636253 636253
3150 5432871 4796618 636253 636253
3160 5432871 4796618 636253 636253
3170 5432871 4796618 636253 636253
3180 5432871 4796618 636253 636253
3190 5432871 4796618 636253 636253
3200 5432871 4796618 636253 636253
3210 5432871 4796618 636253 636253
3220 5432871 4796618 636253 636253
3230 5432871 4796618 636253 636253
3240 5432871 4796618 636253 636253
3250 5432871 4796618 636253 636253
3260 5432871 4796618 636253 636253
3270 5432871 4796618 636253 636253
3280 5432871 4796618 636253 636253
3290 5432871 4796618 636253 636253
3300 5432871 4796618 636253 636253
3310 5432871 4796618 636253 636253
3320 5432871 4796618 636253 636253
3330 5432871 4796618 636253 636253
3340 5432871 4796618 636253 636253
3350 5432871 4796618 636253 636253
3360 5432871 4796618 636253 636253
3370 5432871 4796618 636253 636253
3380 5432871 4796618 636253 636253
3390 5432871 4796618 636253 636253
3400 5432871 4796618 636253 636253
3410 5432871 4796618 636253 636253
3420 5432871 4796618 636253 636253
3430 5432871 4796618 636253 636253
3440 5432871 4796618 636253 636253
3450 5432871 4796618 636253 636253
3460 5432871 4796618 636253 636253
3470 5432871 4796618 636253 636253
3480 5432871 4796618 636253 636253
3490 5432871 4796618 636253 636253
3500 5432871 4796618 636253 636253
3510 5432871 4796618 636253 636253
3520 5432871 4796618 636253 636253
3530 5432871 4796618 636253 636253
3540 5432871 4796618 636253 636253
3550 5432871 4796618 636253 636253
3560 5432871 4796618 636253 636253
3570 5432871 4796618 636253 636253
3580 5432871 4796618 636253 636253
3590 5432871 4796618 636253 636253
3600 5432871 4796618 636253 636253
3610 5432871 4796618 636253 636253
3620 5432871 4796618 636253 636253
3630 5432871 4796618 636253 636253
3640 5432871 4796618 636253 636253
3650 5432871 4796618 636253 636253
3660 5432871 4796618 636253 636253
3670 5432871 4796618 636253 636253
3680 5432871 4796618 636253 636253
3690 5432871 4796618 636253 636253
3700 5432871 4796618 636253 636253
3710 5432871 4796618 636253 636253
3720 5432871 4796618 636253 636253
3730 5432871 4796618 636253 636253
3740 5432871 4796618 636253 636253
3750 5432871 4796618 636253 636253
3760 5432871 4796618 636253 636253
3770 5432871 4796618 636253 636253
3780 5432871 4796618 636253 636253
3790 5432871 4796618 636253 636253
3800 5432871 4796618 636253 636253
3810 5432871 4796618 636253 636253
3820 5432871 4796618 636253 636253
3830 5432871 4796618 636253 636253
3840 5432871 4796618 636253 636253
3850 5432871 4796618 636253 636253
3860 5432871 4796618 636253 636253
3870 5432871 4796618 636253 636253
3880 5432871 4796618 636253 636253
3890 5432871 4796618 636253 636253
3900 5432871 4796618 636253 636253
3910 5432871 4796618 636253 636253
3920 5432871 4796618 636253 636253
3930 5432871 4796618 636253 636253
3940 5432871 4796618 636253 636253
3950 5432871 4796618 636253 636253
3960 5432871 4796618 636253 636253
3970 5432871 4796618 636253 636253
3980 5432871 4796618 636253 636253
3990 5432871 4796618 636253 636253
4000 5432871 4796618 636253 636253
4010 5432871 4796618 636253 636253
4020 5432871 4796618 636253 636253
4030 5432871 4796618 636253 636253
4040 5432871 4796618 636253 636253
4050 5432871 4796618 636253 636253
4060 5432871 4796618 636253 636253
4070 5432871 4796618 636253 636253
4080 5432871 4796618 636253 636253
4090 5432871 4796618 636253 636253
4100 5432871 4796618 636253 636253
4110 5432871 4796618 636253 636253
4120 5432871 4796618 636253 636253
4130 5432871 4796618 636253 636253
4140 5432871 4796618 636253 636253
4150 5432871 4796618 636253 636253
4160 5432871 4796618 636253 636253
4170 5432871 4796618 636253 636253
4180 5432871 4796618 636253 636253
4190 5432871 4796618 636253 636253
4200 5432871 4796618 636253 636253
4210 5432871 4796618 636253 636253
4220 5432871 4796618 636253 636253
4230 5432871 4796618 636253 636253
4240 5432871 4796618 636253 636253
4250 5432871 4796618 636253 636253
4260 5432871 4796618 636253 636253
4270 5432871 4796618 636253 636253
4280 5432871 4796618 636253 636253
4290 5432871 4796618 636253 636253
4300 5432871 4796618 636253 636253
4310 5432871 4796618 636253 636253
4320 5432871 4796618 636253 636253
4330 5432871 4796618 636253 636253
4340 5432871 4796618 636253 636253
4350 5432871 4796618 636253 636253
4360 5432871 4796618 636253 636253
4370 5432871 4796618 636253 636253
4380 5432871 4796618 636253 636253
4390 5432871 4796618 636253 636253
4400 5432871 4796618 636253 636253
4410 5432871 4796618 636253 636253
4420 5432871 4796618 636253 636253
4430 5432871 4796618 636253 636253
4440 5432871 4796618 636253 636253
4450 5432871 4796618 636253 636253
4460 5432871 4796618 636253 636253
4470 5432871 4796618 636253 636253
4480 5432871 4796618 636253 636253
4490 5432871 4796618 636253 636253
4500 5432871 4796618 636253 636253
4510 5432871 4796618 636253 636253
4520 5432871 4796618 636253 636253
4530 5432871 4796618 636253 636253
4540 5432871 4796618 636253 636253
4550 5432871 4796618 636253 636253
4560 5432871 4796618 636253 636253
4570 5432871 4796618 636253 636253
4580 5432871 4796618 636253 636253
4590 5432871 4796618 636253 636253
4600 5432871 4796618 636253 636253
4610 5432871 4796618 636253 636253
4620 5432871 4796618 636253 636253
4630 5432871 4796618 636253 636253
4640 5432871 4796618 636253 636253
4650 5432871 4796618 636253 636253
4660 5432871 4796618 636253 636253
4670 5432871 4796618 636253 636253
4680 5432871 4796618 636253 636253
4690 5432871 4796618 636253 636253
4700 5432871 4796618 636253 636253
4710 5432871 4796618 636253 636253
4720 5432871 4796618 636253 636253
4730 5432871 4796618 636253 636253
4740 5432871 4796618 636253 636253
4750 5432871 4796618 636253 636253
4760 5432871 4796618 636253 636253
4770 5432871 4796618 636253 636253
4780 5432871 4796618 636253 636253
4790 5432871 4796618 636253 636253
4800 5432871 4796618 636253 636253
4810 5432871 4796618 636253 636253
4820 5432871 4796618 636253 636253
4830 5432871 4796618 636253 636253
4840 5432871 4796618 636253 636253
4850 5432871 4796618 636253 636253
4860 5432871 4796618 636253 636253
4870 5432871 4796618 636253 636253
4880 5432871 4796618 636253 636253
4890 5432871 4796618 636253 636253
4900 5432871 4796618 636253 636253
4910 5432871 4796618 636253 636253
4920 5432871 4796618 636253 636253
4930 5432871 4796618 636253 636253
4940 5432871 4796618 636253 636253
4950 5432871 4796618 636253 636253
4960 5432871 4796618 636253 636253
4970 5432871 4796618 636253 636253
4980 5432871 4796618 636253 636253
4990 5432871 4796618 636253 636253
5000 5432871 4796618 636253 636253
5010 5432871 4796618 636253 636253
5020 5432871 4796618 636253 636253
5030 5432871 4796618 636253 636253
5040 5432871 4796618 636253 636253
5050 5432871 4796618 636253 636253
5060 5432871 4796618 636253 636253
5070 5432871 4796618 636253 636253
5080 5432871 4796618 636253 636253
5090 5432871 4796618 636253 636253
5100 5432871 4796618 636253 636253
5110 5432871 4796618 636253 636253
5120 5432871 4796618 636253 636253
5130 5432871 4796618 636253 636253
5140 5432871 4796618 636253 636253
5150 5432871 4796618 636253 636253
5160 5432871 4796618 636253 636253
5170 5432871 4796618 636253 636253
5180 5432871 4796618 636253 636253
5190 5432871 4796618 636253 636253
5200 5432871 4796618 636253 636253
5210 5432871 4796618 636253 636253
5220 5432871 4796618 636253 636253
5230 5432871 4796618 636253 636253
5240 5432871 4796618 636253 636253
5250 5432871 4796618 636253 636253
5260 5432871 4796618 636253 636253
5270 5432871 4796618 636253 636253
5280 5432871 4796618 636253 636253
5290 5432871 4796618 636253 636253
5300 5432871 4796618 636253 636253
5310 5432871 4796618 636253 636253
5320 5432871 4796618 636253 636253
5330 5432871 4796618 636253 636253
5340 5432871 4796618 636253 636253
5350 5432871 4796618 636253 636253
5360 5432871 4796618 636253 636253
5370 5432871 4796618 636253 636253
5380 5432871 4796618 636253 636253
5390 5432871 4796618 636253 636253
5400 5432871 4796618 636253 636253
5410 5432871 4796618 636253 636253
5420 5432871 4796618 636253 636253
5430 5432871 4796618 636253 636253
5440 5432871 4796618 636253 636253
5450 5432871 4796618 636253 636253
5460 5432871 4796618 636253 636253
5470 5432871 4796618 636253 636253
5480 5432871 4796618 636253 636253
5490 5432871 4796618 636253 636253
5500 5432871 4796618 636253 636253
5510 5432871 4796618 636253 636253
5520 5432871 4796618 636253 636253
5530 5432871 4796618 636253 636253
5540 5432871 4796618 636253 636253
5550 5432871 4796618 636253 636253
5560 5432871 4796618 636253 636253
5570 5432871 4796618 636253 636253
5580 5432871 4796618 636253 636253
5590 5432871 4796618 636253 636253
5600 5432871 4796618 636253 636253
5610 5432871 4796618 636253 636253
5620 5432871 4796618 636253 636253
5630 5432871 4796618 636253 636253
5640 5432871 4796618 636253 636253
5650 5432871 4796618 636253 636253
5660 5432871 4796618 636253 636253
5670 5432871 4796618 636253 636253
5680 5432871 4796618 636253 636253
5690 5432871 4796618 636253 636253
5700 5432871 4796618 636253 636253
5710 5432871 4796618 636253 636253
5720 5432871 4796618 636253 636253
5730 5432871 4796618 636253 636253
5740 5432871 4796618 636253 636253
5750 5432871 4796618 636253 636253
5760 5432871 4796618 636253 636253
5770 5432871 4796618 636253 636253
5780 5432871 4796618 636253 636253
5790 5432871 4796618 636253 636253
5800 5432871 4796618 636253 636253
5810 5432871 4796618 636253 636253
5820 5432871 4796618 636253 636253
5830 5432871 4796618 636253 636253
5840 5432871 4796618 636253 636253
5850 5432871 4796618 636253 636253
5860 5432871 4796618 636253 636253
5870 5432871 4796618 636253 636253
5880 5432871 4796618 636253 636253
5890 5432871 4796618 636253 636253
5900 5432871 4796618 636253 636253
5910 5432871 4796618 636253 636253
5920 5432871 4796618 636253 636253
5930 5432871 4796618 636253 636253
5940 5432871 4796618 636253 636253
5950 5432871 4796618 636253 636253
5960 5432871 4796618 636253 636253
5970 5432871 4796618 636253 636253
5980 5432871 4796618 636253 636253
5990 5432871 4796618 636253 636253
6000 5432871 4796618 636253 636253
6010 5432871 4796618 636253 636253
6020 5432871 4796618 636253 636253
6030 5432871 4796618 636253 636253
6040 5432871 4796618 636253 636253
6050 5432871 4796618 636253 636253
6060 5432871 4796618 636253 636253
6070 5432871 4796618 636253 636253
6080 5432871 4796618 636253 636253
6090 5432871 4796618 636253 636253
6100 5432871 4796618 636253 636253
6110 5432871 4796618 636253 636253
6120 5432871 4796618 636253 636253
6130 5432871 4796618 636253 636253
6140 5432871 4796618 636253 636253
6150 5432871 4796618 636253 636253
6160 5432871 4796618 636253 636253
6170 5432871 4796618 636253 636253
6180 5432871 4796618 636253 636253
6190 5432871 4796618 636253 636253
6200 5432871 4796618 636253 636253
6210 5432871 4796618 636253 636253
6220 5432871 4796618 636253 636253
6230 5432871 4796618 636253 636253
6240 5432871 4796618 636253 636253
6250 5432871 4796618 636253 636253
6260 5432871 4796618 636253 636253
6270 5432871 4796618 636253 636253
6280 5432871 4796618 636253 636253
6290 5432871 4796618 636253 636253
6300 5432871 4796618 636253 636253
6310 5432871 4796618 636253 636253
6320 5432871 4796618 636253 636253
6330 5432871 4796618 636253 636253
6340 5432871 4796618 636253 636253
6350 5432871 4796618 636253 636253
6360 5432871 4796618 636253 636253
6370 5432871 4796618 636253 636253
6380 5432871 4796618 636253 636253
6390 5432871 4796618 636253 636253
6400 5432871 4796618 636253 636253
6410 5432871 4796618 636253 636253
6420 5432871 4796618 636253 636253
6430 5432871 4796618 636253 636253
6440 5432871 4796618 636253 636253
6450 5432871 4796618 636253 636253
6460 5432871 4796618 636253 636253
6470 5432871 4796618 636253 636253
6480 5432871 4796618 636253 636253
6490 5432871 4796618 636253 636253
6500 5432871 4796618 636253 636253
6510 5432871 4796618 636253 636253
6520 5432871 4796618 636253 636253
6530 5432871 4796618 636253 636253
6540 5432871 4796618 636253 636253
6550 5432871 4796618 636253 636253
6560 5432871 4796618 636253 636253
6570 5432871 4796618 636253 636253
6580 5432871 4796618 636253 636253
6590 5432871 4796618 636253 636253
6600 5432871 4796618 636253 636253
6610 5432871 4796618 636253 636253
6620 5432871 4796618 636253 636253
6630 5432871 4796618 636253 636253
6640 5432871 4796618 636253 636253
6650 5432871 4796618 636253 636253
6660 5432871 4796618 636253 636253
6670 5432871 4796618 636253 636253
6680 5432871 4796618 636253 636253
6690 5432871 4796618 636253 636253
6700 5432871 4796618 636253 636253
6710 5432871 4796618 636253 636253
6720 5432871 4796618 636253 636253
6730 5432871 4796618 636253 636253
6740 5432871 4796618 636253 636253
6750 5432871 4796618 636253 636253
6760 5432871 4796618 636253 636253
6770 5432871 4796618 636253 636253
6780 5432871 4796618 636253 636253
6790 5432871 4796618 636253 636253
6800 5432871 4796618 636253 636253
6810 5432871 4796618 636253 636253
6820 5432871 4796618 636253 636253
6830 5432871 4796618 636253 636253
6840 5432871 4796618 636253 636253
6850 5432871 4796618 636253 636253
6860 5432871 4796618 636253 636253
6870 5432871 4796618 636253 636253
6880 5432871 4796618 636253 636253
6890 5432871 4796618 636253 636253
6900 5432871 4796618 636253 636253
6910 5432871 4796618 636253 636253
6920 5432871 4796618 636253 636253
6930 5432871 4796618 636253 636253
6940 5432871 4796618 636253 636253
6950 5432871 4796618 636253 636253
6960 5432871 4796618 636253 636253
6970 5432871 4796618 636253 636253
6980 5432871 4796618 636253 636253
6990 5432871 4796618 636253 636253
7000 5432871 4796618 636253 636253
7010 5432871 4796618 636253 636253
7020 5432871 4796618 636253 636253
7030 5432871 4796618 636253 636253
7040 5432871 4796618 636253 636253
7050 5432871 4796618 636253 636253
7060 5432871 4796618 636253 636253
7070 5432871 4796618 636253 636253
7080 5432871 4796618 636253 636253
7090 5432871 4796618 636253 636253
7100 5432871 4796618 636253 636253
7110 5432871 4796618 636253 636253
7120 5432871 4796618 636253 636253
7130 5432871 4796618 636253 636253
7140 5432871 4796618 636253 636253
7150 5432871 4796618 636253 636253
7160 5432871 4796618 636253 636253
7170 5432871 4796618 636253 636253
7180 5432871 4796618 636253 636253
7190 5432871 4796618 636253 636253
7200 5432871 4796618 636253 636253
7210 5432871 4796618 636253 636253
7220 5432871 4796618 636253 636253
7230 5432871 4796618 636253 636253
7240 5432871 4796618 636253 636253
7250 5432871 4796618 636253 636253
7260 5432871 4796618 636253 636253
7270 5432871 4796618 636253 636253
7280 5432871 4796618 636253 636253
7290 5432871 4796618 636253 636253
7300 5432871 4796618 636253 636253
7310 5432871 4796618 636253 636253
7320 5432871 4796618 636253 636253
7330 5432871 4796618 636253 636253
7340 5432871 4796618 636253 636253
7350 5432871 4796618 636253 636253
7360 5432871 4796618 636253 636253
7370 5432871 4796618 636253 636253
7380 5432871 4796618 636253 636253
7390 5432871 4796618 636253 636253
7400 5432871 4796618 636253 636253
7410 5432871 4796618 636253 636253
7420 5432871 4796618 636253 636253
7430 5432871 4796618 636253 636253
7440 5432871 4796618 636253 636253
7450 5432871 4796618 636253 636253
7460 5432871 4796618 636253 636253
7470 5432871 4796618 636253 636253
7480 5432871 4796618 636253 636253
7490 5432871 4796618 636253 636253
7500 5432871 4796618 636253 636253
7510 5432871 4796618 636253 636253
7520 5432871 4796618 636253 636253
7530 5432871 4796618 636253 636253
7540 5432871 4796618 636253 636253
7550 5432871 4796618 636253 636253
7560 5432871 4796618 636253 636253
7570 5432871 4796618 636253 636253
7580 5432871 4796618 636253 636253
7590 5432871 4796618 636253 636253
7600 5432871 4796618 636253 636253
7610 5432871 4796618 636253 636253
7620 5432871 4796618 636253 636253
7630 5432871 4796618 636253 636253
7640 5432871 4796618 636253 636253
7650 5432871 4796618 636253 636253
7660 5432871 4796618 636253 636253
7670 5432871 4796618 636253 636253
7680 5432871 4796618 636253 636253
7690 5432871 4796618 636253 636253
7700 5432871 4796618 636253 636253
7710 5432871 4796618 636253 636253
7720 5432871 4796618 636253 636253
7730 5432871 4796618 636253 636253
7740 5432871 4796618 636253 636253
7750 5432871 4796618 636253 636253
7760 5432871 4796618 636253 636253
7770 5432871 4796618 636253 636253
7780 5432871 4796618 636253 636253
7790 5432871 4796618 636253 636253
7800 5432871 4796618 636253 636253
7810 5432871 4796618 636253 636253
7820 5432871 4796618 636253 636253
7830 5432871 4796618 636253 636253
7840 5432871 4796618 636253 636253
7850 5432871 4796618 636253 636253
7860 5432871 4796618 636253 636253
7870 5432871 4796618 636253 636253
7880 5432871 4796618 636253 636253
7890 5432871 4796618 636253 636253
7900 5432871 4796618 636253 636253
7910 5432871 4796618 636253 636253
7920 5432871 4796618 636253 636253
7930 5432871 4796618 636253 636253
7940 5432871 4796618 636253 636253
7950 5432871 4796618 636253 636253
7960 5432871 4796618 636253 636253
7970 5432871 4796618 636253 636253
7980 5432871 4796618 636253 636253
7990 5432871 4796618 636253 636253
8000 5432871 4796618 636253 636253
8010 5432871 4796618 636253 636253
8020 5432871 4796618 636253 636253
8030 5432871 4796618 636253 636253
8040 5432871 4796618 636253 636253
8050 5432871 4796618 636253 636253
8060 5432871 4796618 636253 636253
8070 5432871 4796618 636253 636253
8080 5432871 4796618 636253 636253
8090 5432871 4796618 636253 636253
8100 5432871 4796618 636253 636253
8110 5432871 4796618 636253 636253
8120 5432871 4796618 636253 636253
8130 5432871 4796618 636253 636253
8140 5432871 4796618 636253 636253
8150 5432871 4796618 636253 636253
8160 5432871 4796618 636253 636253
8170 5432871 4796618 636253 636253
8180 5432871 4796618 636253 636253
8190 5432871 4796618 636253 636253
8200 5432871 4796618 636253 636253
8210 5432871 4796618 636253 636253
8220 5432871 4796618 636253 636253
8230 5432871 4796618 636253 636253
8240 5432871 4796618 636253 636253
8250 5432871 4796618 636253 636253
8260 5432871 4796618 636253 636253
8270 5432871 4796618 636253 636253
8280 5432871 4796618 636253 636253
8290 5432871 4796618 636253 636253
8300 5432871 4796618 636253 636253
8310 5432871 4796618 636253 636253
8320 5432871 4796618 636253 636253
8330 5432871 4796618 636253 636253
8340 5432871 4796618 636253 636253
8350 5432871 4796618 636253 636253
8360 5432871 4796618 636253 636253
8370 5432871 4796618 636253 636253
8380 5432871 4796618 636253 636253
8390 5432871 4796618 636253 636253
8400 5432871 4796618 636253 636253
8410 5432871 4796618 636253 636253
8420 5432871 4796618 636253 636253
8430 5432871 4796618 636253 636253
8440 5432871 4796618 636253 636253
8450 5432871 4796618 636253 636253
8460 5432871 4796618 636253 636253
8470 5432871 4796618 636253 636253
8480 5432871 4796618 636253 636253
8490 5432871 4796618 636253 636253
8500 5432871 4796618 636253 636253
8510 5432871 4796618 636253 636253
8520 5432871 4796618 636253 636253
8530 5432871 4796618 636253 636253
8540 5432871 4796618 636253 636253
8550 5432871 4796618 636253 636253
8560 5432871 4796618 636253 636253
8570 5432871 4796618 636253 636253
8580 5432871 4796618 636253 636253
8590 5432871 4796618 636253 636253
8600 5432871 4796618 636253 636253
8610 5432871 4796618 636253 636253
8620 5432871 4796618 636253 636253
8630 5432871 4796618 636253 636253
8640 5432871 4796618 636253 636253
8650 5432871 4796618 636253 636253
8660 5432871 4796618 636253 636253
8670 5432871 4796618 636253 636253
8680 5432871 4796618 636253 636253
8690 5432871 4796618 636253 636253
8700 5432871 4796618 636253 636253
8710 5432871 4796618 636253 636253
8720 5432871 4796618 636253 636253
8730 5432871 4796618 636253 636253
8740 5432871 4796618 636253 636253
8750 5432871 4796618 636253 636253
8760 5432871 4796618 636253 636253
8770 5432871 4796618 636253 636253
8780 5432871 4796618 636253 636253
8790 5432871 4796618 636253 636253
8800 5432871 4796618 636253 636253
8810 5432871 4796618 636253 636253
8820 5432871 4796618 636253 636253
8830 5432871 4796618 636253 636253
8840 5432871 4796618 636253 636253
8850 5432871 4796618 636253 636253
8860 5432871 4796618 636253 636253
8870 5432871 4796618 636253 636253
8880 5432871 4796618 636253 636253
8890 5432871 4796618 636253 636253
8900 5432871 4796618 636253 636253
8910 5432871 4796618 636253 636253
8920 5432871 4796618 636253 636253
8930 5432871 4796618 636253 636253
8940 5432871 4796618 636253 636253
8950 5432871 4796618 636253 636253
8960 5432871 4796618 636253 636253
8970 5432871 4796618 636253 636253
8980 5432871 4796618 636253 636253
8990 5432871 4796618 636253 636253
9000 5432871 4796618 636253 636253
9010 5432871 4796618 636253 636253
9020 5432871 4796618 636253 636253
9030 5432871 4796618 636253 636253
9040 5432871 4796618 636253 636253
9050 5432871 4796618 636253 636253
9060 5432871 4796618 636253 636253
9070 5432871 4796618 636253 636253
9080 5432871 4796618 636253 636253
9090 5432871 4796618 636253 636253
9100 5432871 4796618 636253 636253
9110 5432871 4796618 636253 636253
9120 5432871 4796618 636253 636253
9130 5432871 4796618 636253 636253
9140 5432871 4796618 636253 636253
9150 5432871 4796618 636253 636253
9160 5432871 4796618 636253 636253
9170 5432871 4796618 636253 636253
9180 5432871 4796618 636253 636253
9190 5432871 4796618 636253 636253
9200 5432871 4796618 636253 636253
9210 5432871 4796618 636253 636253
9220 5432871 4796618 636253 636253
9230 5432871 4796618 636253 636253
9240 5432871 4796618 636253 636253
9250 5432871 4796618 636253 636253
9260 5432871 4796618 636253 636253
9270 5432871 4796618 636253 636253
9280 5432871 4796618 636253 636253
9290 5432871 4796618 636253 636253
9300 5432871 4796618 636253 636253
9310 5432871 4796618 636253 636253
9320 5432871 4796618 636253 636253
9330 5432871 4796618 636253 636253
9340 5432871 4796618 636253 636253
9350 5432871 4796618 636253 636253
9360 5432871 4796618 636253 636253
9370 5432871 4796618 636253 636253
9380 5432871 4796618 636253 636253
9390 5432871 4796618 636253 636253
9400 5432871 4796618 636253 636253
9410 5432871 4796618 636253 636253
9420 5432871 4796618 636253 636253
9430 5432871 4796618 636253 636253
9440 5432871 4796618 636253 636253
9450 5432871 4796618 636253 636253
9460 5432871 4796618 636253 636253
9470 5432871 4796618 636253 636253
9480 5432871 4796618 636253 636253
9490 5432871 4796618 636253 636253
9500 5432871 4796618 636253 636253
9510 5432871 4796618 636253 636253
9520 5432871 4796618 636253 636253
9530 5432871 4796618 636253 636253
9540 5432871 4796618 636253 636253
9550 5432871 4796618 636253 636253
9560 5432871 4796618 636253 636253
9570 5432871 4796618 636253 636253
9580 5432871 4796618 636253 636253
9590 5432871 4796618 636253 636253
9600 5432871 4796618 636253 636253
9610 5432871 4796618 636253 636253
9620 5432871 4796618 636253 636253
9630 5432871 4796618 636253 636253
9640 5432871 4796618 636253 636253
9650 5432871 4796618 636253 636253
9660 5432871 4796618 636253 636253
9670 5432871 4796618 636253 636253
9680 5432871 4796618 636253 636253
9690 5432871 4796618 636253 636253
9700 5432871 4796618 636253 636253
9710 5432871 4796618 636253 636253
9720 5432871 4796618 636253 636253
9730 5432871 4796618 636253 636253
9740 5432871 4796618 636253 636253
9750 5432871 4796618 636253 636253
9760 5432871 4796618 636253 636253
9770 5432871 4796618 636253 636253
9780 5432871 4796618 636253 636253
9790 5432871 4796618 636253 636253
9800 5432871 4796618 636253 636253
9810 5432871 4796618 636253 636253
9820 5432871 4796618 636253 636253
9830 5432871 4796618 636253 636253
9840 5432871 4796618 636253 636253
9850 5432871 4796618 636253 636253
9860 5432871 4796618 636253 636253
9870 5432871 4796618 636253 636253
9880 5432871 4796618 636253 636253
9890 5432871 4796618 636253 636253
9900 5432871 4796618 636253 636253
9910 5432871 4796618 636253 636253
9920 5432871 4796618 636253 636253
9930 5432871 4796618 636253 636253
9940 5432871 4796618 636253 636253
9950 5432871 4796618 636253 636253
9960 5432871 4796618 636253 636253
9970 5432871 4796618 636253 636253
9980 5432871 4796618 636253 636253
9990 5432871 4796618 636253 636253
10000 5432871 4796618 636253 636253
10010 5432871 4796618 636253 636253
10020 5432871 4796618 636253 636253
10030 5432871 4796618 636253 636253
10040 5432871 4796618 636253 636253
10050 5432871 4796618 636253 636253
10060 5432871 4796618 636253 636253
10070 5432871 4796618 636253 636253
10080 5432871 4796618 636253 636253
10090 5432871 4796618 636253 636253
10100 5432871 4796618 636253 636253
10110 5432871 4796618 636253 636253
10120 5432871 4796618 636253 636253
10130 5432871 4796618 636253 636253
10140 5432871 4796618 636253 636253
10150 5432871 4796618 636253 636253
10160 5432871 4796618 636253 636253
10170 5432871 4796618 636253 636253
10180 5432871 4796618 636253 636253
10190 5432871 4796618 636253 636253
10200 5432871 4796618 636253 636253
10210 5432871 4796618 636253 636253
10220 5432871 4796618 636253 636253
10230 5432871 4796618 636253 636253
10240 5432871 4796618 636253 636253
10250 5432871 4796618 636253 636253
10260 5432871 4796618 636253 636253
10270 5432871 4796618 636253 636253
10280 5432871 4796618 636253 636253
10290 5432871 4796618 636253 636253
10300 5432871 4796618 636253 636253
10310 5432871 4796618 636253 636253
10320 5432871 4796618 636253 636253
10330 5432871 4796618 636253 636253
10340 5432871 4796618 636253 636253
10350 5432871 4796618 636253 636253
10360 5432871 4796618 636253 636253
10370 5432871 4796618 636253 636253
10380 5432871 4796618 636253 636253
10390 5432871 4796618 636253 636253
10400 5432871 4796618 636253 636253
10410 5432871 4796618 636253 636253
10420 5432871 4796618 636253 636253
10430 5432871 4796618 636253 636253
10440 5432871 4796618 636253 636253
10450 5432871 4796618 636253 636253
10460 5432871 4796618 636253 636253
10470 5432871 4796618 636253 636253
10480 5432871 4796618 636253 636253
10490 5432871 4796618 636253 636253
10500 5432871 4796618 636253 636253
10510 5432871 4796618 636253 636253
10520 5432871 4796618 636253 636253
10530 5432871 4796618 636253 636253
10540 5432871 4796618 636253 636253
10550 5432871 4796618 636253 636253
10560 5432871 4796618 636253 636253
10570 5432871 4796618 636253 636253
10580 5432871 4796618 636253 636253
10590 5432871 4796618 636253 636253
10600 5432871 4796618 636253 636253
10610 5432871 4796618 636253 636253
10620 5432871 4796618 636253 636253
10630 5432871 4796618 636253 636253
10640 5432871 4796618 636253 636253
10650 5432871 4796618 636253 636253
10660 5432871 4796618 636253 636253
10670 5432871 4796618 636253 636253
10680 5432871 4796618 636253 636253
10690 5432871 4796618 636253 636253
10700 5432871 4796618 636253 636253
10710 5432871 4796618 636253 636253
10720 5432871 4796618 636253 636253
10730 5432871 4796618 636253 636253
10740 5432871 4796618 636253 636253
10750 5432871 4796618 636253 636253
10760 5432871 4796618 636253 636253
10770 5432871 4796618 636253 636253
10780 5432871 4796618 636253 636253
10790 5432871 4796618 636253 636253
10800 5432871 4796618 636253 636253
10810 5432871 4796618 636253 636253
10820 5432871 4796618 636253 636253
10830 5432871 4796618 636253 636253
10840 5432871 4796618 636253 636253
10850 5432871 4796618 636253 636253
10860 5432871 4796618 636253 636253
10870 5432871 4796618 636253 636253
10880 5432871 4796618 636253 636253
10890 5432871 4796618 636253 636253
10900 5432871 4796618 636253 636253
10910 5432871 4796618 636253 636253
10920 5432871 4796618 636253 636253
10930 5432871 4796618 636253 636253
10940 5432871 4796618 636253 636253
10950 5432871 4796618 636253 636253
10960 5432871 4796618 636253 636253
10970 5432871 4796618 636253 636253
10980 5432871 4796618 636253 636253
10990 5432871 4796618 636253 636253
11000 5432871 4796618 636253 636253
11010 5432871 4796618 636253 636253
11020 5432871 4796618 636253 636253
11030 5432871 4796618 636253 636253
11040 5432871 4796618 636253 636253
11050 5432871 4796618 636253 636253
11060 5432871 4796618 636253 636253
11070 5432871 4796618 636253 636253
11080 5432871 4796618 636253 636253
11090 5432871 4796618 636253 636253
11100 5432871 4796618 636253 636253
11110 5432871 4796618 636253 636253
11120 5432871 4796618 636253 636253
11130 5432871 4796618 636253 636253
11140 5432871 4796618 636253 636253
11150 5432871 4796618 636253 636253
11160 5432871 4796618 636253 636253
11170 5432871 4796618 636253 636253
11180 5432871 4796618 636253 636253
11190 5432871 4796618 636253 636253
11200 5432871 4796618 636253 636253
11210 5432871 4796618 636253 636253
11220 5432871 4796618 636253 636253
11230 5432871 4796618 636253 636253
11240 5432871 4796618 636253 636253
11250 5432871 4796618 636253 636253
11260 5432871 4796618 636253 636253
11270 5432871 4796618 636253 636253
11280 5432871 4796618 636253 636253
11290 5432871 4796618 636253 636253
11300 5432871 4796618 636253 636253
11310 5432871 4796618 636253 636253
11320 5432871 4796618 636253 636253
11330 5432871 4796618 636253 636253
11340 5432871 4796618 636253 636253
11350 5432871 4796618 636253 636253
11360 5432871 4796618 636253 636253
11370 5432871 4796618 636253 636253
11380 5432871 4796618 636253 636253
11390 5432871 4796618 636253 636253
11400 5432871 4796618 636253 636253
11410 5432871 4796618 636253 636253
11420 5432871 4796618 636253 636253
11430 5432871 4796618 636253 636253
11440 5432871 4796618 636253 636253
11450 5432871 4796618 636253 636253
11460 5432871 4796618 636253 636253
11470 5432871 4796618 636253 636253
11480 5432871 4796618 636253 636253
11490 5432871 4796618 636253 636253
11500 5432871 4796618 636253 636253
11510 5432871 4796618 636253 636253
11520 5432871 4796618 636253 636253
11530 5432871 4796618 636253 636253
11540 5432871 4796618 636253 636253
11550 5432871 4796618 636253 636253
11560 5432871 4796618 636253 636253
11570 5432871 4796618 636253 636253
11580 5432871 4796618 636253 636253
11590 5432871 4796618 636253 636253
11600 5432871 4796618 636253 636253
11610 5432871 4796618 636253 636253
11620 5432871 4796618 636253 636253
11630 5432871 4796618 636253 636253
11640 5432871 4796618 636253 636253
11650 5432871 4796618 636253 636253
11660 5432871 4796618 636253 636253
11670 5432871 4796618 636253 636253
11680 5432871 4796618 636253 636253
11690 5432871 4796618 636253 636253
11700 5432871 4796618 636253 636253
11710 5432871 4796618 636253 636253
11720 5432871 4796618 636253 636253
11730 5432871 4796618 636253 636253
11740 5432871 4796618 636253 636253
11750 5432871 4796618 636253 636253
11760 5432871 4796618 636253 636253
11770 5432871 4796618 636253 636253
11780 5432871 4796618 636253 636253
11790 5432871 4796618 636253 636253
11800 5432871 4796618 636253 636253
11810 5432871 4796618 636253 636253
11820 5432871 4796618 636253 636253
11830 5432871 4796618 636253 636253
11840 5432871 4796618 636253 636253
11850 5432871 4796618 636253 636253
11860 5432871 4796618 636253 636253
11870 5432871 4796618 636253 636253
11880 5432871 4796618 636253 636253
11890 5432871 4796618 636253 636253
11900 5432871 4796618 636253 636253
11910 5432871 4796618 636253 636253
11920 5432871 4796618 636253 636253
11930 5432871 4796618 636253 636253
11940 5432871 4796618 636253 636253
11950 5432871 4796618 636253 636253
11960 5432871 4796618 636253 636253
11970 5432871 4796618 636253 636253
11980 5432871 4796618 636253 636253
11990 5432871 4796618 636253 636253
12000 5432871 4796618 636253 636253
12010 5432871 4796618 636253 636253
12020 5432871 4796618 636253 636253
12030 5432871 4796618 636253 636253
12040 5432871 4796618 636253 636253
12050 5432871 4796618 636253 636253
12060 5432871 4796618 636253 636253
12070 5432871 4796618 636253 636253
12080 5432871 4796618 636253 636253
12090 5432871 4796618 636253 636253
12100 5432871 4796618 636253 636253
12110 5432871 4796618 636253 636253
12120 5432871 4796618 636253 636253
12130 5432871 4796618 636253 636253
12140 5432871 4796618 636253 636253
12150 5432871 4796618 636253 636253
12160 5432871 4796618 636253 636253
12170 5432871 4796618 636253 636253
12180 5432871 4796618 636253 636253
12190 5432871 4796618 636253 636253
12200 5432871 4796618 636253 636253
12210 5432871 4796618 636253 636253
12220 5432871 4796618 636253 636253
12230 5432871 4796618 636253 636253
12240 5432871 4796618 636253 636253
12250 5432871 4796618 636253 636253
12260 5432871 4796618 636253 636253
12270 5432871 4796618 636253 636253
12280 5432871 4796618 636253 636253
12290 5432871 4796618 636253 636253
12300 5432871 4796618 636253 636253
12310 5432871 4796618 636253 636253
12320 5432871 4796618 636253 636253
12330 5432871 4796618 636253 636253
12340 5432871 4796618 636253 636253
12350 5432871 4796618 636253 636253
12360 5432871 4796618 636253 636253
12370 5432871 4796618 636253 636253
12380 5432871 4796618 636253 636253
12390 5432871 4796618 636253 636253
12400 5432871 4796618 636253 636253
12410 5432871 4796618 636253 636253
12420 5432871 4796618 636253 636253
12430 5432871 4796618 636253 636253
12440 5432871 4796618 636253 636253
12450 5432871 4796618 636253 636253
12460 5432871 4796618 636253 636253
12470 5432871 4796618 636253 636253
12480 5432871 4796618 636253 636253
12490 5432871 4796618 636253 636253
12500 5432871 4796618 636253 636253
12510 5432871 4796618 636253 636253

