Optimal path [nodeId(time to the node):
17(0) -> 60(142) -> 75(125) -> 11(127) -> 24(135) -> 71(151) -> 3(116) -> 33(120) -> 28(131) -> 53(135) -> 32(136) -> 7(118) -> 85(133) -> 9(130) -> 79(145) -> 61(133) -> 51(133) -> 2(117) -> 64(135) -> 73(110) -> 25(125) -> 13(121) -> 30(122) -> 15(133) -> 87(126) -> 82(136) -> 94(129) -> 6(114) -> 26(148) -> 8(138) -> 67(139) -> 1(126) -> 98(134) -> 37(115) -> 21(109) -> 59(140) -> 66(129) -> 55(117) -> 40(134) -> 43(124) -> 74(122) -> 83(141) -> 80(116) -> 44(113) -> 70(123) -> 48(144) -> 10(134) -> 69(134) -> 65(125) -> 19(108) -> 38(138) -> 89(118) -> 31(136) -> 91(127) -> 12(146) -> 20(128) -> 63(131) -> 35(121) -> 29(143) -> 58(127) -> 45(137) -> 72(139) -> 52(118) -> 95(137) -> 39(128) -> 97(127) -> 14(122) -> 23(136) -> 41(135) -> 22(127) -> 56(132) -> 54(115) -> 46(132) -> 0(125) -> 62(127) -> 77(138) -> 34(120) -> 57(117) -> 5(142) -> 47(139) -> 92(141) -> 90(115) -> 36(122) -> 84(122) -> 68(118) -> 27(112) -> 49(128) -> 16(125) -> 96(125) -> 93(125) -> 42(143) -> 76(141) -> 88(126) -> 86(123) -> 50(126) -> 78(125) -> 4(155) -> 18(138) -> 81(146) -> 99(139)
Total time of delivery: 12794
The cost function value: 12794

Statistics at the end of simulation: 
Residents: 5432871
Illness cases: 5097131 --> [93.82021034550608%]
Healthy residents: 335740 --> [6.179789654493914%]
Vaccinated residents335740 --> [6.179789654493914%]

Statistics of each node: 
id residentsNumber illnessCases healthyResidents vaccinated
17 27216 1 27215 27215
60 91794 5 91789 91789
75 26017 21 25996 25996
11 84816 94 84722 84722
24 37355 450 36905 36905
71 23666 2580 21086 21086
3 57882 9855 48027 48027
33 13135 13135 0 0
28 91749 91749 0 0
53 61988 61988 0 0
32 59165 59165 0 0
7 29243 29243 0 0
85 44972 44972 0 0
9 60305 60305 0 0
79 84379 84379 0 0
61 25643 25643 0 0
51 94699 94699 0 0
2 43074 43074 0 0
64 22353 22353 0 0
73 49077 49077 0 0
25 67586 67586 0 0
13 61304 61304 0 0
30 67192 67192 0 0
15 78003 78003 0 0
87 20655 20655 0 0
82 15231 15231 0 0
94 76894 76894 0 0
6 12672 12672 0 0
26 26605 26605 0 0
8 45160 45160 0 0
67 37842 37842 0 0
1 49456 49456 0 0
98 93006 93006 0 0
37 51694 51694 0 0
21 82806 82806 0 0
59 83546 83546 0 0
66 26230 26230 0 0
55 88344 88344 0 0
40 31222 31222 0 0
43 79446 79446 0 0
74 81649 81649 0 0
83 46841 46841 0 0
80 67722 67722 0 0
44 15573 15573 0 0
70 36163 36163 0 0
48 13555 13555 0 0
10 95932 95932 0 0
69 66112 66112 0 0
65 70610 70610 0 0
19 87851 87851 0 0
38 33030 33030 0 0
89 68284 68284 0 0
31 69146 69146 0 0
91 32862 32862 0 0
12 79926 79926 0 0
20 48774 48774 0 0
63 51706 51706 0 0
35 96767 96767 0 0
29 15814 15814 0 0
58 16081 16081 0 0
45 46217 46217 0 0
72 90063 90063 0 0
52 63153 63153 0 0
95 71066 71066 0 0
39 32804 32804 0 0
97 86845 86845 0 0
14 81887 81887 0 0
23 20873 20873 0 0
41 91808 91808 0 0
22 73621 73621 0 0
56 80108 80108 0 0
54 69376 69376 0 0
46 73816 73816 0 0
0 59902 59902 0 0
62 19500 19500 0 0
77 28452 28452 0 0
34 28894 28894 0 0
57 39724 39724 0 0
5 15364 15364 0 0
47 98952 98952 0 0
92 24523 24523 0 0
90 80008 80008 0 0
36 85682 85682 0 0
84 70627 70627 0 0
68 42462 42462 0 0
27 80174 80174 0 0
49 19584 19584 0 0
16 82700 82700 0 0
96 73344 73344 0 0
93 39916 39916 0 0
42 68898 68898 0 0
76 31382 31382 0 0
88 37474 37474 0 0
86 26732 26732 0 0
50 30829 30829 0 0
78 57716 57716 0 0
4 56018 56018 0 0
18 16978 16978 0 0
81 89526 89526 0 0
99 28053 28053 0 0

Statistics step by step: 
minute residentsNumber illnessCases healthyResidents vaccinated
0 5432871 100 5432771 27215
10 5432871 100 5432771 27215
20 5432871 100 5432771 27215
30 5432871 100 5432771 27215
40 5432871 100 5432771 27215
50 5432871 100 5432771 27215
60 5432871 199 5432672 27215
70 5432871 199 5432672 27215
80 5432871 199 5432672 27215
90 5432871 199 5432672 27215
100 5432871 298 5432573 27215
110 5432871 298 5432573 27215
120 5432871 397 5432474 27215
130 5432871 397 5432474 27215
140 5432871 496 5432375 27215
150 5432871 496 5432375 119004
160 5432871 594 5432277 119004
170 5432871 692 5432179 119004
180 5432871 790 5432081 119004
190 5432871 790 5432081 119004
200 5432871 986 5431885 119004
210 5432871 1084 5431787 119004
220 5432871 1182 5431689 119004
230 5432871 1378 5431493 119004
240 5432871 1574 5431297 119004
250 5432871 1672 5431199 119004
260 5432871 1966 5430905 119004
270 5432871 2161 5430710 145000
280 5432871 2452 5430419 145000
290 5432871 2743 5430128 145000
300 5432871 3131 5429740 145000
310 5432871 3422 5429449 145000
320 5432871 3907 5428964 145000
330 5432871 4392 5428479 145000
340 5432871 4877 5427994 145000
350 5432871 5556 5427315 145000
360 5432871 6235 5426636 145000
370 5432871 6914 5425957 145000
380 5432871 7787 5425084 145000
390 5432871 8757 5424114 145000
400 5432871 9817 5423054 229722
410 5432871 11065 5421806 229722
420 5432871 12409 5420462 229722
430 5432871 13849 5419022 229722
440 5432871 15577 5417294 229722
450 5432871 17497 5415374 229722
460 5432871 19609 5413262 229722
470 5432871 22009 5410862 229722
480 5432871 24697 5408174 229722
490 5432871 27673 5405198 229722
500 5432871 31033 5401838 229722
510 5432871 34873 5397998 229722
520 5432871 39097 5393774 229722
530 5432871 43891 5388980 266627
540 5432871 49211 5383660 266627
550 5432871 55101 5377770 266627
560 5432871 61846 5371025 266627
570 5432871 69351 5363520 266627
580 5432871 77711 5355160 266627
590 5432871 87211 5345660 266627
600 5432871 97851 5335020 266627
610 5432871 109726 5323145 266627
620 5432871 123121 5309750 266627
630 5432871 138131 5294740 266627
640 5432871 154946 5277925 266627
650 5432871 173851 5259020 266627
660 5432871 195131 5237740 266627
670 5432871 218881 5213990 266627
680 5432871 245671 5187200 287713
690 5432871 275375 5157496 287713
700 5432871 308651 5124220 287713
710 5432871 346157 5086714 287713
720 5432871 388175 5044696 287713
730 5432871 435269 4997602 287713
740 5432871 488191 4944680 287713
750 5432871 547599 4885272 287713
760 5432871 614245 4818626 287713
770 5432871 689163 4743708 287713
780 5432871 773199 4659672 287713
790 5432871 867481 4565390 287713
800 5432871 972859 4460012 335740
810 5432871 1090411 4342460 335740
820 5432871 1221954 4210917 335740
830 5432871 1366008 4066863 335740
840 5432871 1523071 3909800 335740
850 5432871 1692169 3740702 335740
860 5432871 1879137 3553734 335740
870 5432871 2080804 3352067 335740
880 5432871 2303079 3129792 335740
890 5432871 2538138 2894733 335740
900 5432871 2783638 2649233 335740
910 5432871 3040181 2392690 335740
920 5432871 3313812 2119059 335740
930 5432871 3602242 1830629 335740
940 5432871 3894150 1538721 335740
950 5432871 4196874 1235997 335740
960 5432871 4498421 934450 335740
970 5432871 4766652 666219 335740
980 5432871 4976166 456705 335740
990 5432871 5081180 351691 335740
1000 5432871 5097131 335740 335740
1010 5432871 5097131 335740 335740
1020 5432871 5097131 335740 335740
1030 5432871 5097131 335740 335740
1040 5432871 5097131 335740 335740
1050 5432871 5097131 335740 335740
1060 5432871 5097131 335740 335740
1070 5432871 5097131 335740 335740
1080 5432871 5097131 335740 335740
1090 5432871 5097131 335740 335740
1100 5432871 5097131 335740 335740
1110 5432871 5097131 335740 335740
1120 5432871 5097131 335740 335740
1130 5432871 5097131 335740 335740
1140 5432871 5097131 335740 335740
1150 5432871 5097131 335740 335740
1160 5432871 5097131 335740 335740
1170 5432871 5097131 335740 335740
1180 5432871 5097131 335740 335740
1190 5432871 5097131 335740 335740
1200 5432871 5097131 335740 335740
1210 5432871 5097131 335740 335740
1220 5432871 5097131 335740 335740
1230 5432871 5097131 335740 335740
1240 5432871 5097131 335740 335740
1250 5432871 5097131 335740 335740
1260 5432871 5097131 335740 335740
1270 5432871 5097131 335740 335740
1280 5432871 5097131 335740 335740
1290 5432871 5097131 335740 335740
1300 5432871 5097131 335740 335740
1310 5432871 5097131 335740 335740
1320 5432871 5097131 335740 335740
1330 5432871 5097131 335740 335740
1340 5432871 5097131 335740 335740
1350 5432871 5097131 335740 335740
1360 5432871 5097131 335740 335740
1370 5432871 5097131 335740 335740
1380 5432871 5097131 335740 335740
1390 5432871 5097131 335740 335740
1400 5432871 5097131 335740 335740
1410 5432871 5097131 335740 335740
1420 5432871 5097131 335740 335740
1430 5432871 5097131 335740 335740
1440 5432871 5097131 335740 335740
1450 5432871 5097131 335740 335740
1460 5432871 5097131 335740 335740
1470 5432871 5097131 335740 335740
1480 5432871 5097131 335740 335740
1490 5432871 5097131 335740 335740
1500 5432871 5097131 335740 335740
1510 5432871 5097131 335740 335740
1520 5432871 5097131 335740 335740
1530 5432871 5097131 335740 335740
1540 5432871 5097131 335740 335740
1550 5432871 5097131 335740 335740
1560 5432871 5097131 335740 335740
1570 5432871 5097131 335740 335740
1580 5432871 5097131 335740 335740
1590 5432871 5097131 335740 335740
1600 5432871 5097131 335740 335740
1610 5432871 5097131 335740 335740
1620 5432871 5097131 335740 335740
1630 5432871 5097131 335740 335740
1640 5432871 5097131 335740 335740
1650 5432871 5097131 335740 335740
1660 5432871 5097131 335740 335740
1670 5432871 5097131 335740 335740
1680 5432871 5097131 335740 335740
1690 5432871 5097131 335740 335740
1700 5432871 5097131 335740 335740
1710 5432871 5097131 335740 335740
1720 5432871 5097131 335740 335740
1730 5432871 5097131 335740 335740
1740 5432871 5097131 335740 335740
1750 5432871 5097131 335740 335740
1760 5432871 5097131 335740 335740
1770 5432871 5097131 335740 335740
1780 5432871 5097131 335740 335740
1790 5432871 5097131 335740 335740
1800 5432871 5097131 335740 335740
1810 5432871 5097131 335740 335740
1820 5432871 5097131 335740 335740
1830 5432871 5097131 335740 335740
1840 5432871 5097131 335740 335740
1850 5432871 5097131 335740 335740
1860 5432871 5097131 335740 335740
1870 5432871 5097131 335740 335740
1880 5432871 5097131 335740 335740
1890 5432871 5097131 335740 335740
1900 5432871 5097131 335740 335740
1910 5432871 5097131 335740 335740
1920 5432871 5097131 335740 335740
1930 5432871 5097131 335740 335740
1940 5432871 5097131 335740 335740
1950 5432871 5097131 335740 335740
1960 5432871 5097131 335740 335740
1970 5432871 5097131 335740 335740
1980 5432871 5097131 335740 335740
1990 5432871 5097131 335740 335740
2000 5432871 5097131 335740 335740
2010 5432871 5097131 335740 335740
2020 5432871 5097131 335740 335740
2030 5432871 5097131 335740 335740
2040 5432871 5097131 335740 335740
2050 5432871 5097131 335740 335740
2060 5432871 5097131 335740 335740
2070 5432871 5097131 335740 335740
2080 5432871 5097131 335740 335740
2090 5432871 5097131 335740 335740
2100 5432871 5097131 335740 335740
2110 5432871 5097131 335740 335740
2120 5432871 5097131 335740 335740
2130 5432871 5097131 335740 335740
2140 5432871 5097131 335740 335740
2150 5432871 5097131 335740 335740
2160 5432871 5097131 335740 335740
2170 5432871 5097131 335740 335740
2180 5432871 5097131 335740 335740
2190 5432871 5097131 335740 335740
2200 5432871 5097131 335740 335740
2210 5432871 5097131 335740 335740
2220 5432871 5097131 335740 335740
2230 5432871 5097131 335740 335740
2240 5432871 5097131 335740 335740
2250 5432871 5097131 335740 335740
2260 5432871 5097131 335740 335740
2270 5432871 5097131 335740 335740
2280 5432871 5097131 335740 335740
2290 5432871 5097131 335740 335740
2300 5432871 5097131 335740 335740
2310 5432871 5097131 335740 335740
2320 5432871 5097131 335740 335740
2330 5432871 5097131 335740 335740
2340 5432871 5097131 335740 335740
2350 5432871 5097131 335740 335740
2360 5432871 5097131 335740 335740
2370 5432871 5097131 335740 335740
2380 5432871 5097131 335740 335740
2390 5432871 5097131 335740 335740
2400 5432871 5097131 335740 335740
2410 5432871 5097131 335740 335740
2420 5432871 5097131 335740 335740
2430 5432871 5097131 335740 335740
2440 5432871 5097131 335740 335740
2450 5432871 5097131 335740 335740
2460 5432871 5097131 335740 335740
2470 5432871 5097131 335740 335740
2480 5432871 5097131 335740 335740
2490 5432871 5097131 335740 335740
2500 5432871 5097131 335740 335740
2510 5432871 5097131 335740 335740
2520 5432871 5097131 335740 335740
2530 5432871 5097131 335740 335740
2540 5432871 5097131 335740 335740
2550 5432871 5097131 335740 335740
2560 5432871 5097131 335740 335740
2570 5432871 5097131 335740 335740
2580 5432871 5097131 335740 335740
2590 5432871 5097131 335740 335740
2600 5432871 5097131 335740 335740
2610 5432871 5097131 335740 335740
2620 5432871 5097131 335740 335740
2630 5432871 5097131 335740 335740
2640 5432871 5097131 335740 335740
2650 5432871 5097131 335740 335740
2660 5432871 5097131 335740 335740
2670 5432871 5097131 335740 335740
2680 5432871 5097131 335740 335740
2690 5432871 5097131 335740 335740
2700 5432871 5097131 335740 335740
2710 5432871 5097131 335740 335740
2720 5432871 5097131 335740 335740
2730 5432871 5097131 335740 335740
2740 5432871 5097131 335740 335740
2750 5432871 5097131 335740 335740
2760 5432871 5097131 335740 335740
2770 5432871 5097131 335740 335740
2780 5432871 5097131 335740 335740
2790 5432871 5097131 335740 335740
2800 5432871 5097131 335740 335740
2810 5432871 5097131 335740 335740
2820 5432871 5097131 335740 335740
2830 5432871 5097131 335740 335740
2840 5432871 5097131 335740 335740
2850 5432871 5097131 335740 335740
2860 5432871 5097131 335740 335740
2870 5432871 5097131 335740 335740
2880 5432871 5097131 335740 335740
2890 5432871 5097131 335740 335740
2900 5432871 5097131 335740 335740
2910 5432871 5097131 335740 335740
2920 5432871 5097131 335740 335740
2930 5432871 5097131 335740 335740
2940 5432871 5097131 335740 335740
2950 5432871 5097131 335740 335740
2960 5432871 5097131 335740 335740
2970 5432871 5097131 335740 335740
2980 5432871 5097131 335740 335740
2990 5432871 5097131 335740 335740
3000 5432871 5097131 335740 335740
3010 5432871 5097131 335740 335740
3020 5432871 5097131 335740 335740
3030 5432871 5097131 335740 335740
3040 5432871 5097131 335740 335740
3050 5432871 5097131 335740 335740
3060 5432871 5097131 335740 335740
3070 5432871 5097131 335740 335740
3080 5432871 5097131 335740 335740
3090 5432871 5097131 335740 335740
3100 5432871 5097131 335740 335740
3110 5432871 5097131 335740 335740
3120 5432871 5097131 335740 335740
3130 5432871 5097131 335740 335740
3140 5432871 5097131 335740 335740
3150 5432871 5097131 335740 335740
3160 5432871 5097131 335740 335740
3170 5432871 5097131 335740 335740
3180 5432871 5097131 335740 335740
3190 5432871 5097131 335740 335740
3200 5432871 5097131 335740 335740
3210 5432871 5097131 335740 335740
3220 5432871 5097131 335740 335740
3230 5432871 5097131 335740 335740
3240 5432871 5097131 335740 335740
3250 5432871 5097131 335740 335740
3260 5432871 5097131 335740 335740
3270 5432871 5097131 335740 335740
3280 5432871 5097131 335740 335740
3290 5432871 5097131 335740 335740
3300 5432871 5097131 335740 335740
3310 5432871 5097131 335740 335740
3320 5432871 5097131 335740 335740
3330 5432871 5097131 335740 335740
3340 5432871 5097131 335740 335740
3350 5432871 5097131 335740 335740
3360 5432871 5097131 335740 335740
3370 5432871 5097131 335740 335740
3380 5432871 5097131 335740 335740
3390 5432871 5097131 335740 335740
3400 5432871 5097131 335740 335740
3410 5432871 5097131 335740 335740
3420 5432871 5097131 335740 335740
3430 5432871 5097131 335740 335740
3440 5432871 5097131 335740 335740
3450 5432871 5097131 335740 335740
3460 5432871 5097131 335740 335740
3470 5432871 5097131 335740 335740
3480 5432871 5097131 335740 335740
3490 5432871 5097131 335740 335740
3500 5432871 5097131 335740 335740
3510 5432871 5097131 335740 335740
3520 5432871 5097131 335740 335740
3530 5432871 5097131 335740 335740
3540 5432871 5097131 335740 335740
3550 5432871 5097131 335740 335740
3560 5432871 5097131 335740 335740
3570 5432871 5097131 335740 335740
3580 5432871 5097131 335740 335740
3590 5432871 5097131 335740 335740
3600 5432871 5097131 335740 335740
3610 5432871 5097131 335740 335740
3620 5432871 5097131 335740 335740
3630 5432871 5097131 335740 335740
3640 5432871 5097131 335740 335740
3650 5432871 5097131 335740 335740
3660 5432871 5097131 335740 335740
3670 5432871 5097131 335740 335740
3680 5432871 5097131 335740 335740
3690 5432871 5097131 335740 335740
3700 5432871 5097131 335740 335740
3710 5432871 5097131 335740 335740
3720 5432871 5097131 335740 335740
3730 5432871 5097131 335740 335740
3740 5432871 5097131 335740 335740
3750 5432871 5097131 335740 335740
3760 5432871 5097131 335740 335740
3770 5432871 5097131 335740 335740
3780 5432871 5097131 335740 335740
3790 5432871 5097131 335740 335740
3800 5432871 5097131 335740 335740
3810 5432871 5097131 335740 335740
3820 5432871 5097131 335740 335740
3830 5432871 5097131 335740 335740
3840 5432871 5097131 335740 335740
3850 5432871 5097131 335740 335740
3860 5432871 5097131 335740 335740
3870 5432871 5097131 335740 335740
3880 5432871 5097131 335740 335740
3890 5432871 5097131 335740 335740
3900 5432871 5097131 335740 335740
3910 5432871 5097131 335740 335740
3920 5432871 5097131 335740 335740
3930 5432871 5097131 335740 335740
3940 5432871 5097131 335740 335740
3950 5432871 5097131 335740 335740
3960 5432871 5097131 335740 335740
3970 5432871 5097131 335740 335740
3980 5432871 5097131 335740 335740
3990 5432871 5097131 335740 335740
4000 5432871 5097131 335740 335740
4010 5432871 5097131 335740 335740
4020 5432871 5097131 335740 335740
4030 5432871 5097131 335740 335740
4040 5432871 5097131 335740 335740
4050 5432871 5097131 335740 335740
4060 5432871 5097131 335740 335740
4070 5432871 5097131 335740 335740
4080 5432871 5097131 335740 335740
4090 5432871 5097131 335740 335740
4100 5432871 5097131 335740 335740
4110 5432871 5097131 335740 335740
4120 5432871 5097131 335740 335740
4130 5432871 5097131 335740 335740
4140 5432871 5097131 335740 335740
4150 5432871 5097131 335740 335740
4160 5432871 5097131 335740 335740
4170 5432871 5097131 335740 335740
4180 5432871 5097131 335740 335740
4190 5432871 5097131 335740 335740
4200 5432871 5097131 335740 335740
4210 5432871 5097131 335740 335740
4220 5432871 5097131 335740 335740
4230 5432871 5097131 335740 335740
4240 5432871 5097131 335740 335740
4250 5432871 5097131 335740 335740
4260 5432871 5097131 335740 335740
4270 5432871 5097131 335740 335740
4280 5432871 5097131 335740 335740
4290 5432871 5097131 335740 335740
4300 5432871 5097131 335740 335740
4310 5432871 5097131 335740 335740
4320 5432871 5097131 335740 335740
4330 5432871 5097131 335740 335740
4340 5432871 5097131 335740 335740
4350 5432871 5097131 335740 335740
4360 5432871 5097131 335740 335740
4370 5432871 5097131 335740 335740
4380 5432871 5097131 335740 335740
4390 5432871 5097131 335740 335740
4400 5432871 5097131 335740 335740
4410 5432871 5097131 335740 335740
4420 5432871 5097131 335740 335740
4430 5432871 5097131 335740 335740
4440 5432871 5097131 335740 335740
4450 5432871 5097131 335740 335740
4460 5432871 5097131 335740 335740
4470 5432871 5097131 335740 335740
4480 5432871 5097131 335740 335740
4490 5432871 5097131 335740 335740
4500 5432871 5097131 335740 335740
4510 5432871 5097131 335740 335740
4520 5432871 5097131 335740 335740
4530 5432871 5097131 335740 335740
4540 5432871 5097131 335740 335740
4550 5432871 5097131 335740 335740
4560 5432871 5097131 335740 335740
4570 5432871 5097131 335740 335740
4580 5432871 5097131 335740 335740
4590 5432871 5097131 335740 335740
4600 5432871 5097131 335740 335740
4610 5432871 5097131 335740 335740
4620 5432871 5097131 335740 335740
4630 5432871 5097131 335740 335740
4640 5432871 5097131 335740 335740
4650 5432871 5097131 335740 335740
4660 5432871 5097131 335740 335740
4670 5432871 5097131 335740 335740
4680 5432871 5097131 335740 335740
4690 5432871 5097131 335740 335740
4700 5432871 5097131 335740 335740
4710 5432871 5097131 335740 335740
4720 5432871 5097131 335740 335740
4730 5432871 5097131 335740 335740
4740 5432871 5097131 335740 335740
4750 5432871 5097131 335740 335740
4760 5432871 5097131 335740 335740
4770 5432871 5097131 335740 335740
4780 5432871 5097131 335740 335740
4790 5432871 5097131 335740 335740
4800 5432871 5097131 335740 335740
4810 5432871 5097131 335740 335740
4820 5432871 5097131 335740 335740
4830 5432871 5097131 335740 335740
4840 5432871 5097131 335740 335740
4850 5432871 5097131 335740 335740
4860 5432871 5097131 335740 335740
4870 5432871 5097131 335740 335740
4880 5432871 5097131 335740 335740
4890 5432871 5097131 335740 335740
4900 5432871 5097131 335740 335740
4910 5432871 5097131 335740 335740
4920 5432871 5097131 335740 335740
4930 5432871 5097131 335740 335740
4940 5432871 5097131 335740 335740
4950 5432871 5097131 335740 335740
4960 5432871 5097131 335740 335740
4970 5432871 5097131 335740 335740
4980 5432871 5097131 335740 335740
4990 5432871 5097131 335740 335740
5000 5432871 5097131 335740 335740
5010 5432871 5097131 335740 335740
5020 5432871 5097131 335740 335740
5030 5432871 5097131 335740 335740
5040 5432871 5097131 335740 335740
5050 5432871 5097131 335740 335740
5060 5432871 5097131 335740 335740
5070 5432871 5097131 335740 335740
5080 5432871 5097131 335740 335740
5090 5432871 5097131 335740 335740
5100 5432871 5097131 335740 335740
5110 5432871 5097131 335740 335740
5120 5432871 5097131 335740 335740
5130 5432871 5097131 335740 335740
5140 5432871 5097131 335740 335740
5150 5432871 5097131 335740 335740
5160 5432871 5097131 335740 335740
5170 5432871 5097131 335740 335740
5180 5432871 5097131 335740 335740
5190 5432871 5097131 335740 335740
5200 5432871 5097131 335740 335740
5210 5432871 5097131 335740 335740
5220 5432871 5097131 335740 335740
5230 5432871 5097131 335740 335740
5240 5432871 5097131 335740 335740
5250 5432871 5097131 335740 335740
5260 5432871 5097131 335740 335740
5270 5432871 5097131 335740 335740
5280 5432871 5097131 335740 335740
5290 5432871 5097131 335740 335740
5300 5432871 5097131 335740 335740
5310 5432871 5097131 335740 335740
5320 5432871 5097131 335740 335740
5330 5432871 5097131 335740 335740
5340 5432871 5097131 335740 335740
5350 5432871 5097131 335740 335740
5360 5432871 5097131 335740 335740
5370 5432871 5097131 335740 335740
5380 5432871 5097131 335740 335740
5390 5432871 5097131 335740 335740
5400 5432871 5097131 335740 335740
5410 5432871 5097131 335740 335740
5420 5432871 5097131 335740 335740
5430 5432871 5097131 335740 335740
5440 5432871 5097131 335740 335740
5450 5432871 5097131 335740 335740
5460 5432871 5097131 335740 335740
5470 5432871 5097131 335740 335740
5480 5432871 5097131 335740 335740
5490 5432871 5097131 335740 335740
5500 5432871 5097131 335740 335740
5510 5432871 5097131 335740 335740
5520 5432871 5097131 335740 335740
5530 5432871 5097131 335740 335740
5540 5432871 5097131 335740 335740
5550 5432871 5097131 335740 335740
5560 5432871 5097131 335740 335740
5570 5432871 5097131 335740 335740
5580 5432871 5097131 335740 335740
5590 5432871 5097131 335740 335740
5600 5432871 5097131 335740 335740
5610 5432871 5097131 335740 335740
5620 5432871 5097131 335740 335740
5630 5432871 5097131 335740 335740
5640 5432871 5097131 335740 335740
5650 5432871 5097131 335740 335740
5660 5432871 5097131 335740 335740
5670 5432871 5097131 335740 335740
5680 5432871 5097131 335740 335740
5690 5432871 5097131 335740 335740
5700 5432871 5097131 335740 335740
5710 5432871 5097131 335740 335740
5720 5432871 5097131 335740 335740
5730 5432871 5097131 335740 335740
5740 5432871 5097131 335740 335740
5750 5432871 5097131 335740 335740
5760 5432871 5097131 335740 335740
5770 5432871 5097131 335740 335740
5780 5432871 5097131 335740 335740
5790 5432871 5097131 335740 335740
5800 5432871 5097131 335740 335740
5810 5432871 5097131 335740 335740
5820 5432871 5097131 335740 335740
5830 5432871 5097131 335740 335740
5840 5432871 5097131 335740 335740
5850 5432871 5097131 335740 335740
5860 5432871 5097131 335740 335740
5870 5432871 5097131 335740 335740
5880 5432871 5097131 335740 335740
5890 5432871 5097131 335740 335740
5900 5432871 5097131 335740 335740
5910 5432871 5097131 335740 335740
5920 5432871 5097131 335740 335740
5930 5432871 5097131 335740 335740
5940 5432871 5097131 335740 335740
5950 5432871 5097131 335740 335740
5960 5432871 5097131 335740 335740
5970 5432871 5097131 335740 335740
5980 5432871 5097131 335740 335740
5990 5432871 5097131 335740 335740
6000 5432871 5097131 335740 335740
6010 5432871 5097131 335740 335740
6020 5432871 5097131 335740 335740
6030 5432871 5097131 335740 335740
6040 5432871 5097131 335740 335740
6050 5432871 5097131 335740 335740
6060 5432871 5097131 335740 335740
6070 5432871 5097131 335740 335740
6080 5432871 5097131 335740 335740
6090 5432871 5097131 335740 335740
6100 5432871 5097131 335740 335740
6110 5432871 5097131 335740 335740
6120 5432871 5097131 335740 335740
6130 5432871 5097131 335740 335740
6140 5432871 5097131 335740 335740
6150 5432871 5097131 335740 335740
6160 5432871 5097131 335740 335740
6170 5432871 5097131 335740 335740
6180 5432871 5097131 335740 335740
6190 5432871 5097131 335740 335740
6200 5432871 5097131 335740 335740
6210 5432871 5097131 335740 335740
6220 5432871 5097131 335740 335740
6230 5432871 5097131 335740 335740
6240 5432871 5097131 335740 335740
6250 5432871 5097131 335740 335740
6260 5432871 5097131 335740 335740
6270 5432871 5097131 335740 335740
6280 5432871 5097131 335740 335740
6290 5432871 5097131 335740 335740
6300 5432871 5097131 335740 335740
6310 5432871 5097131 335740 335740
6320 5432871 5097131 335740 335740
6330 5432871 5097131 335740 335740
6340 5432871 5097131 335740 335740
6350 5432871 5097131 335740 335740
6360 5432871 5097131 335740 335740
6370 5432871 5097131 335740 335740
6380 5432871 5097131 335740 335740
6390 5432871 5097131 335740 335740
6400 5432871 5097131 335740 335740
6410 5432871 5097131 335740 335740
6420 5432871 5097131 335740 335740
6430 5432871 5097131 335740 335740
6440 5432871 5097131 335740 335740
6450 5432871 5097131 335740 335740
6460 5432871 5097131 335740 335740
6470 5432871 5097131 335740 335740
6480 5432871 5097131 335740 335740
6490 5432871 5097131 335740 335740
6500 5432871 5097131 335740 335740
6510 5432871 5097131 335740 335740
6520 5432871 5097131 335740 335740
6530 5432871 5097131 335740 335740
6540 5432871 5097131 335740 335740
6550 5432871 5097131 335740 335740
6560 5432871 5097131 335740 335740
6570 5432871 5097131 335740 335740
6580 5432871 5097131 335740 335740
6590 5432871 5097131 335740 335740
6600 5432871 5097131 335740 335740
6610 5432871 5097131 335740 335740
6620 5432871 5097131 335740 335740
6630 5432871 5097131 335740 335740
6640 5432871 5097131 335740 335740
6650 5432871 5097131 335740 335740
6660 5432871 5097131 335740 335740
6670 5432871 5097131 335740 335740
6680 5432871 5097131 335740 335740
6690 5432871 5097131 335740 335740
6700 5432871 5097131 335740 335740
6710 5432871 5097131 335740 335740
6720 5432871 5097131 335740 335740
6730 5432871 5097131 335740 335740
6740 5432871 5097131 335740 335740
6750 5432871 5097131 335740 335740
6760 5432871 5097131 335740 335740
6770 5432871 5097131 335740 335740
6780 5432871 5097131 335740 335740
6790 5432871 5097131 335740 335740
6800 5432871 5097131 335740 335740
6810 5432871 5097131 335740 335740
6820 5432871 5097131 335740 335740
6830 5432871 5097131 335740 335740
6840 5432871 5097131 335740 335740
6850 5432871 5097131 335740 335740
6860 5432871 5097131 335740 335740
6870 5432871 5097131 335740 335740
6880 5432871 5097131 335740 335740
6890 5432871 5097131 335740 335740
6900 5432871 5097131 335740 335740
6910 5432871 5097131 335740 335740
6920 5432871 5097131 335740 335740
6930 5432871 5097131 335740 335740
6940 5432871 5097131 335740 335740
6950 5432871 5097131 335740 335740
6960 5432871 5097131 335740 335740
6970 5432871 5097131 335740 335740
6980 5432871 5097131 335740 335740
6990 5432871 5097131 335740 335740
7000 5432871 5097131 335740 335740
7010 5432871 5097131 335740 335740
7020 5432871 5097131 335740 335740
7030 5432871 5097131 335740 335740
7040 5432871 5097131 335740 335740
7050 5432871 5097131 335740 335740
7060 5432871 5097131 335740 335740
7070 5432871 5097131 335740 335740
7080 5432871 5097131 335740 335740
7090 5432871 5097131 335740 335740
7100 5432871 5097131 335740 335740
7110 5432871 5097131 335740 335740
7120 5432871 5097131 335740 335740
7130 5432871 5097131 335740 335740
7140 5432871 5097131 335740 335740
7150 5432871 5097131 335740 335740
7160 5432871 5097131 335740 335740
7170 5432871 5097131 335740 335740
7180 5432871 5097131 335740 335740
7190 5432871 5097131 335740 335740
7200 5432871 5097131 335740 335740
7210 5432871 5097131 335740 335740
7220 5432871 5097131 335740 335740
7230 5432871 5097131 335740 335740
7240 5432871 5097131 335740 335740
7250 5432871 5097131 335740 335740
7260 5432871 5097131 335740 335740
7270 5432871 5097131 335740 335740
7280 5432871 5097131 335740 335740
7290 5432871 5097131 335740 335740
7300 5432871 5097131 335740 335740
7310 5432871 5097131 335740 335740
7320 5432871 5097131 335740 335740
7330 5432871 5097131 335740 335740
7340 5432871 5097131 335740 335740
7350 5432871 5097131 335740 335740
7360 5432871 5097131 335740 335740
7370 5432871 5097131 335740 335740
7380 5432871 5097131 335740 335740
7390 5432871 5097131 335740 335740
7400 5432871 5097131 335740 335740
7410 5432871 5097131 335740 335740
7420 5432871 5097131 335740 335740
7430 5432871 5097131 335740 335740
7440 5432871 5097131 335740 335740
7450 5432871 5097131 335740 335740
7460 5432871 5097131 335740 335740
7470 5432871 5097131 335740 335740
7480 5432871 5097131 335740 335740
7490 5432871 5097131 335740 335740
7500 5432871 5097131 335740 335740
7510 5432871 5097131 335740 335740
7520 5432871 5097131 335740 335740
7530 5432871 5097131 335740 335740
7540 5432871 5097131 335740 335740
7550 5432871 5097131 335740 335740
7560 5432871 5097131 335740 335740
7570 5432871 5097131 335740 335740
7580 5432871 5097131 335740 335740
7590 5432871 5097131 335740 335740
7600 5432871 5097131 335740 335740
7610 5432871 5097131 335740 335740
7620 5432871 5097131 335740 335740
7630 5432871 5097131 335740 335740
7640 5432871 5097131 335740 335740
7650 5432871 5097131 335740 335740
7660 5432871 5097131 335740 335740
7670 5432871 5097131 335740 335740
7680 5432871 5097131 335740 335740
7690 5432871 5097131 335740 335740
7700 5432871 5097131 335740 335740
7710 5432871 5097131 335740 335740
7720 5432871 5097131 335740 335740
7730 5432871 5097131 335740 335740
7740 5432871 5097131 335740 335740
7750 5432871 5097131 335740 335740
7760 5432871 5097131 335740 335740
7770 5432871 5097131 335740 335740
7780 5432871 5097131 335740 335740
7790 5432871 5097131 335740 335740
7800 5432871 5097131 335740 335740
7810 5432871 5097131 335740 335740
7820 5432871 5097131 335740 335740
7830 5432871 5097131 335740 335740
7840 5432871 5097131 335740 335740
7850 5432871 5097131 335740 335740
7860 5432871 5097131 335740 335740
7870 5432871 5097131 335740 335740
7880 5432871 5097131 335740 335740
7890 5432871 5097131 335740 335740
7900 5432871 5097131 335740 335740
7910 5432871 5097131 335740 335740
7920 5432871 5097131 335740 335740
7930 5432871 5097131 335740 335740
7940 5432871 5097131 335740 335740
7950 5432871 5097131 335740 335740
7960 5432871 5097131 335740 335740
7970 5432871 5097131 335740 335740
7980 5432871 5097131 335740 335740
7990 5432871 5097131 335740 335740
8000 5432871 5097131 335740 335740
8010 5432871 5097131 335740 335740
8020 5432871 5097131 335740 335740
8030 5432871 5097131 335740 335740
8040 5432871 5097131 335740 335740
8050 5432871 5097131 335740 335740
8060 5432871 5097131 335740 335740
8070 5432871 5097131 335740 335740
8080 5432871 5097131 335740 335740
8090 5432871 5097131 335740 335740
8100 5432871 5097131 335740 335740
8110 5432871 5097131 335740 335740
8120 5432871 5097131 335740 335740
8130 5432871 5097131 335740 335740
8140 5432871 5097131 335740 335740
8150 5432871 5097131 335740 335740
8160 5432871 5097131 335740 335740
8170 5432871 5097131 335740 335740
8180 5432871 5097131 335740 335740
8190 5432871 5097131 335740 335740
8200 5432871 5097131 335740 335740
8210 5432871 5097131 335740 335740
8220 5432871 5097131 335740 335740
8230 5432871 5097131 335740 335740
8240 5432871 5097131 335740 335740
8250 5432871 5097131 335740 335740
8260 5432871 5097131 335740 335740
8270 5432871 5097131 335740 335740
8280 5432871 5097131 335740 335740
8290 5432871 5097131 335740 335740
8300 5432871 5097131 335740 335740
8310 5432871 5097131 335740 335740
8320 5432871 5097131 335740 335740
8330 5432871 5097131 335740 335740
8340 5432871 5097131 335740 335740
8350 5432871 5097131 335740 335740
8360 5432871 5097131 335740 335740
8370 5432871 5097131 335740 335740
8380 5432871 5097131 335740 335740
8390 5432871 5097131 335740 335740
8400 5432871 5097131 335740 335740
8410 5432871 5097131 335740 335740
8420 5432871 5097131 335740 335740
8430 5432871 5097131 335740 335740
8440 5432871 5097131 335740 335740
8450 5432871 5097131 335740 335740
8460 5432871 5097131 335740 335740
8470 5432871 5097131 335740 335740
8480 5432871 5097131 335740 335740
8490 5432871 5097131 335740 335740
8500 5432871 5097131 335740 335740
8510 5432871 5097131 335740 335740
8520 5432871 5097131 335740 335740
8530 5432871 5097131 335740 335740
8540 5432871 5097131 335740 335740
8550 5432871 5097131 335740 335740
8560 5432871 5097131 335740 335740
8570 5432871 5097131 335740 335740
8580 5432871 5097131 335740 335740
8590 5432871 5097131 335740 335740
8600 5432871 5097131 335740 335740
8610 5432871 5097131 335740 335740
8620 5432871 5097131 335740 335740
8630 5432871 5097131 335740 335740
8640 5432871 5097131 335740 335740
8650 5432871 5097131 335740 335740
8660 5432871 5097131 335740 335740
8670 5432871 5097131 335740 335740
8680 5432871 5097131 335740 335740
8690 5432871 5097131 335740 335740
8700 5432871 5097131 335740 335740
8710 5432871 5097131 335740 335740
8720 5432871 5097131 335740 335740
8730 5432871 5097131 335740 335740
8740 5432871 5097131 335740 335740
8750 5432871 5097131 335740 335740
8760 5432871 5097131 335740 335740
8770 5432871 5097131 335740 335740
8780 5432871 5097131 335740 335740
8790 5432871 5097131 335740 335740
8800 5432871 5097131 335740 335740
8810 5432871 5097131 335740 335740
8820 5432871 5097131 335740 335740
8830 5432871 5097131 335740 335740
8840 5432871 5097131 335740 335740
8850 5432871 5097131 335740 335740
8860 5432871 5097131 335740 335740
8870 5432871 5097131 335740 335740
8880 5432871 5097131 335740 335740
8890 5432871 5097131 335740 335740
8900 5432871 5097131 335740 335740
8910 5432871 5097131 335740 335740
8920 5432871 5097131 335740 335740
8930 5432871 5097131 335740 335740
8940 5432871 5097131 335740 335740
8950 5432871 5097131 335740 335740
8960 5432871 5097131 335740 335740
8970 5432871 5097131 335740 335740
8980 5432871 5097131 335740 335740
8990 5432871 5097131 335740 335740
9000 5432871 5097131 335740 335740
9010 5432871 5097131 335740 335740
9020 5432871 5097131 335740 335740
9030 5432871 5097131 335740 335740
9040 5432871 5097131 335740 335740
9050 5432871 5097131 335740 335740
9060 5432871 5097131 335740 335740
9070 5432871 5097131 335740 335740
9080 5432871 5097131 335740 335740
9090 5432871 5097131 335740 335740
9100 5432871 5097131 335740 335740
9110 5432871 5097131 335740 335740
9120 5432871 5097131 335740 335740
9130 5432871 5097131 335740 335740
9140 5432871 5097131 335740 335740
9150 5432871 5097131 335740 335740
9160 5432871 5097131 335740 335740
9170 5432871 5097131 335740 335740
9180 5432871 5097131 335740 335740
9190 5432871 5097131 335740 335740
9200 5432871 5097131 335740 335740
9210 5432871 5097131 335740 335740
9220 5432871 5097131 335740 335740
9230 5432871 5097131 335740 335740
9240 5432871 5097131 335740 335740
9250 5432871 5097131 335740 335740
9260 5432871 5097131 335740 335740
9270 5432871 5097131 335740 335740
9280 5432871 5097131 335740 335740
9290 5432871 5097131 335740 335740
9300 5432871 5097131 335740 335740
9310 5432871 5097131 335740 335740
9320 5432871 5097131 335740 335740
9330 5432871 5097131 335740 335740
9340 5432871 5097131 335740 335740
9350 5432871 5097131 335740 335740
9360 5432871 5097131 335740 335740
9370 5432871 5097131 335740 335740
9380 5432871 5097131 335740 335740
9390 5432871 5097131 335740 335740
9400 5432871 5097131 335740 335740
9410 5432871 5097131 335740 335740
9420 5432871 5097131 335740 335740
9430 5432871 5097131 335740 335740
9440 5432871 5097131 335740 335740
9450 5432871 5097131 335740 335740
9460 5432871 5097131 335740 335740
9470 5432871 5097131 335740 335740
9480 5432871 5097131 335740 335740
9490 5432871 5097131 335740 335740
9500 5432871 5097131 335740 335740
9510 5432871 5097131 335740 335740
9520 5432871 5097131 335740 335740
9530 5432871 5097131 335740 335740
9540 5432871 5097131 335740 335740
9550 5432871 5097131 335740 335740
9560 5432871 5097131 335740 335740
9570 5432871 5097131 335740 335740
9580 5432871 5097131 335740 335740
9590 5432871 5097131 335740 335740
9600 5432871 5097131 335740 335740
9610 5432871 5097131 335740 335740
9620 5432871 5097131 335740 335740
9630 5432871 5097131 335740 335740
9640 5432871 5097131 335740 335740
9650 5432871 5097131 335740 335740
9660 5432871 5097131 335740 335740
9670 5432871 5097131 335740 335740
9680 5432871 5097131 335740 335740
9690 5432871 5097131 335740 335740
9700 5432871 5097131 335740 335740
9710 5432871 5097131 335740 335740
9720 5432871 5097131 335740 335740
9730 5432871 5097131 335740 335740
9740 5432871 5097131 335740 335740
9750 5432871 5097131 335740 335740
9760 5432871 5097131 335740 335740
9770 5432871 5097131 335740 335740
9780 5432871 5097131 335740 335740
9790 5432871 5097131 335740 335740
9800 5432871 5097131 335740 335740
9810 5432871 5097131 335740 335740
9820 5432871 5097131 335740 335740
9830 5432871 5097131 335740 335740
9840 5432871 5097131 335740 335740
9850 5432871 5097131 335740 335740
9860 5432871 5097131 335740 335740
9870 5432871 5097131 335740 335740
9880 5432871 5097131 335740 335740
9890 5432871 5097131 335740 335740
9900 5432871 5097131 335740 335740
9910 5432871 5097131 335740 335740
9920 5432871 5097131 335740 335740
9930 5432871 5097131 335740 335740
9940 5432871 5097131 335740 335740
9950 5432871 5097131 335740 335740
9960 5432871 5097131 335740 335740
9970 5432871 5097131 335740 335740
9980 5432871 5097131 335740 335740
9990 5432871 5097131 335740 335740
10000 5432871 5097131 335740 335740
10010 5432871 5097131 335740 335740
10020 5432871 5097131 335740 335740
10030 5432871 5097131 335740 335740
10040 5432871 5097131 335740 335740
10050 5432871 5097131 335740 335740
10060 5432871 5097131 335740 335740
10070 5432871 5097131 335740 335740
10080 5432871 5097131 335740 335740
10090 5432871 5097131 335740 335740
10100 5432871 5097131 335740 335740
10110 5432871 5097131 335740 335740
10120 5432871 5097131 335740 335740
10130 5432871 5097131 335740 335740
10140 5432871 5097131 335740 335740
10150 5432871 5097131 335740 335740
10160 5432871 5097131 335740 335740
10170 5432871 5097131 335740 335740
10180 5432871 5097131 335740 335740
10190 5432871 5097131 335740 335740
10200 5432871 5097131 335740 335740
10210 5432871 5097131 335740 335740
10220 5432871 5097131 335740 335740
10230 5432871 5097131 335740 335740
10240 5432871 5097131 335740 335740
10250 5432871 5097131 335740 335740
10260 5432871 5097131 335740 335740
10270 5432871 5097131 335740 335740
10280 5432871 5097131 335740 335740
10290 5432871 5097131 335740 335740
10300 5432871 5097131 335740 335740
10310 5432871 5097131 335740 335740
10320 5432871 5097131 335740 335740
10330 5432871 5097131 335740 335740
10340 5432871 5097131 335740 335740
10350 5432871 5097131 335740 335740
10360 5432871 5097131 335740 335740
10370 5432871 5097131 335740 335740
10380 5432871 5097131 335740 335740
10390 5432871 5097131 335740 335740
10400 5432871 5097131 335740 335740
10410 5432871 5097131 335740 335740
10420 5432871 5097131 335740 335740
10430 5432871 5097131 335740 335740
10440 5432871 5097131 335740 335740
10450 5432871 5097131 335740 335740
10460 5432871 5097131 335740 335740
10470 5432871 5097131 335740 335740
10480 5432871 5097131 335740 335740
10490 5432871 5097131 335740 335740
10500 5432871 5097131 335740 335740
10510 5432871 5097131 335740 335740
10520 5432871 5097131 335740 335740
10530 5432871 5097131 335740 335740
10540 5432871 5097131 335740 335740
10550 5432871 5097131 335740 335740
10560 5432871 5097131 335740 335740
10570 5432871 5097131 335740 335740
10580 5432871 5097131 335740 335740
10590 5432871 5097131 335740 335740
10600 5432871 5097131 335740 335740
10610 5432871 5097131 335740 335740
10620 5432871 5097131 335740 335740
10630 5432871 5097131 335740 335740
10640 5432871 5097131 335740 335740
10650 5432871 5097131 335740 335740
10660 5432871 5097131 335740 335740
10670 5432871 5097131 335740 335740
10680 5432871 5097131 335740 335740
10690 5432871 5097131 335740 335740
10700 5432871 5097131 335740 335740
10710 5432871 5097131 335740 335740
10720 5432871 5097131 335740 335740
10730 5432871 5097131 335740 335740
10740 5432871 5097131 335740 335740
10750 5432871 5097131 335740 335740
10760 5432871 5097131 335740 335740
10770 5432871 5097131 335740 335740
10780 5432871 5097131 335740 335740
10790 5432871 5097131 335740 335740
10800 5432871 5097131 335740 335740
10810 5432871 5097131 335740 335740
10820 5432871 5097131 335740 335740
10830 5432871 5097131 335740 335740
10840 5432871 5097131 335740 335740
10850 5432871 5097131 335740 335740
10860 5432871 5097131 335740 335740
10870 5432871 5097131 335740 335740
10880 5432871 5097131 335740 335740
10890 5432871 5097131 335740 335740
10900 5432871 5097131 335740 335740
10910 5432871 5097131 335740 335740
10920 5432871 5097131 335740 335740
10930 5432871 5097131 335740 335740
10940 5432871 5097131 335740 335740
10950 5432871 5097131 335740 335740
10960 5432871 5097131 335740 335740
10970 5432871 5097131 335740 335740
10980 5432871 5097131 335740 335740
10990 5432871 5097131 335740 335740
11000 5432871 5097131 335740 335740
11010 5432871 5097131 335740 335740
11020 5432871 5097131 335740 335740
11030 5432871 5097131 335740 335740
11040 5432871 5097131 335740 335740
11050 5432871 5097131 335740 335740
11060 5432871 5097131 335740 335740
11070 5432871 5097131 335740 335740
11080 5432871 5097131 335740 335740
11090 5432871 5097131 335740 335740
11100 5432871 5097131 335740 335740
11110 5432871 5097131 335740 335740
11120 5432871 5097131 335740 335740
11130 5432871 5097131 335740 335740
11140 5432871 5097131 335740 335740
11150 5432871 5097131 335740 335740
11160 5432871 5097131 335740 335740
11170 5432871 5097131 335740 335740
11180 5432871 5097131 335740 335740
11190 5432871 5097131 335740 335740
11200 5432871 5097131 335740 335740
11210 5432871 5097131 335740 335740
11220 5432871 5097131 335740 335740
11230 5432871 5097131 335740 335740
11240 5432871 5097131 335740 335740
11250 5432871 5097131 335740 335740
11260 5432871 5097131 335740 335740
11270 5432871 5097131 335740 335740
11280 5432871 5097131 335740 335740
11290 5432871 5097131 335740 335740
11300 5432871 5097131 335740 335740
11310 5432871 5097131 335740 335740
11320 5432871 5097131 335740 335740
11330 5432871 5097131 335740 335740
11340 5432871 5097131 335740 335740
11350 5432871 5097131 335740 335740
11360 5432871 5097131 335740 335740
11370 5432871 5097131 335740 335740
11380 5432871 5097131 335740 335740
11390 5432871 5097131 335740 335740
11400 5432871 5097131 335740 335740
11410 5432871 5097131 335740 335740
11420 5432871 5097131 335740 335740
11430 5432871 5097131 335740 335740
11440 5432871 5097131 335740 335740
11450 5432871 5097131 335740 335740
11460 5432871 5097131 335740 335740
11470 5432871 5097131 335740 335740
11480 5432871 5097131 335740 335740
11490 5432871 5097131 335740 335740
11500 5432871 5097131 335740 335740
11510 5432871 5097131 335740 335740
11520 5432871 5097131 335740 335740
11530 5432871 5097131 335740 335740
11540 5432871 5097131 335740 335740
11550 5432871 5097131 335740 335740
11560 5432871 5097131 335740 335740
11570 5432871 5097131 335740 335740
11580 5432871 5097131 335740 335740
11590 5432871 5097131 335740 335740
11600 5432871 5097131 335740 335740
11610 5432871 5097131 335740 335740
11620 5432871 5097131 335740 335740
11630 5432871 5097131 335740 335740
11640 5432871 5097131 335740 335740
11650 5432871 5097131 335740 335740
11660 5432871 5097131 335740 335740
11670 5432871 5097131 335740 335740
11680 5432871 5097131 335740 335740
11690 5432871 5097131 335740 335740
11700 5432871 5097131 335740 335740
11710 5432871 5097131 335740 335740
11720 5432871 5097131 335740 335740
11730 5432871 5097131 335740 335740
11740 5432871 5097131 335740 335740
11750 5432871 5097131 335740 335740
11760 5432871 5097131 335740 335740
11770 5432871 5097131 335740 335740
11780 5432871 5097131 335740 335740
11790 5432871 5097131 335740 335740
11800 5432871 5097131 335740 335740
11810 5432871 5097131 335740 335740
11820 5432871 5097131 335740 335740
11830 5432871 5097131 335740 335740
11840 5432871 5097131 335740 335740
11850 5432871 5097131 335740 335740
11860 5432871 5097131 335740 335740
11870 5432871 5097131 335740 335740
11880 5432871 5097131 335740 335740
11890 5432871 5097131 335740 335740
11900 5432871 5097131 335740 335740
11910 5432871 5097131 335740 335740
11920 5432871 5097131 335740 335740
11930 5432871 5097131 335740 335740
11940 5432871 5097131 335740 335740
11950 5432871 5097131 335740 335740
11960 5432871 5097131 335740 335740
11970 5432871 5097131 335740 335740
11980 5432871 5097131 335740 335740
11990 5432871 5097131 335740 335740
12000 5432871 5097131 335740 335740
12010 5432871 5097131 335740 335740
12020 5432871 5097131 335740 335740
12030 5432871 5097131 335740 335740
12040 5432871 5097131 335740 335740
12050 5432871 5097131 335740 335740
12060 5432871 5097131 335740 335740
12070 5432871 5097131 335740 335740
12080 5432871 5097131 335740 335740
12090 5432871 5097131 335740 335740
12100 5432871 5097131 335740 335740
12110 5432871 5097131 335740 335740
12120 5432871 5097131 335740 335740
12130 5432871 5097131 335740 335740
12140 5432871 5097131 335740 335740
12150 5432871 5097131 335740 335740
12160 5432871 5097131 335740 335740
12170 5432871 5097131 335740 335740
12180 5432871 5097131 335740 335740
12190 5432871 5097131 335740 335740
12200 5432871 5097131 335740 335740
12210 5432871 5097131 335740 335740
12220 5432871 5097131 335740 335740
12230 5432871 5097131 335740 335740
12240 5432871 5097131 335740 335740
12250 5432871 5097131 335740 335740
12260 5432871 5097131 335740 335740
12270 5432871 5097131 335740 335740
12280 5432871 5097131 335740 335740
12290 5432871 5097131 335740 335740
12300 5432871 5097131 335740 335740
12310 5432871 5097131 335740 335740
12320 5432871 5097131 335740 335740
12330 5432871 5097131 335740 335740
12340 5432871 5097131 335740 335740
12350 5432871 5097131 335740 335740
12360 5432871 5097131 335740 335740
12370 5432871 5097131 335740 335740
12380 5432871 5097131 335740 335740
12390 5432871 5097131 335740 335740
12400 5432871 5097131 335740 335740
12410 5432871 5097131 335740 335740
12420 5432871 5097131 335740 335740
12430 5432871 5097131 335740 335740
12440 5432871 5097131 335740 335740
12450 5432871 5097131 335740 335740
12460 5432871 5097131 335740 335740
12470 5432871 5097131 335740 335740
12480 5432871 5097131 335740 335740
12490 5432871 5097131 335740 335740
12500 5432871 5097131 335740 335740
12510 5432871 5097131 335740 335740
12520 5432871 5097131 335740 335740
12530 5432871 5097131 335740 335740
12540 5432871 5097131 335740 335740
12550 5432871 5097131 335740 335740
12560 5432871 5097131 335740 335740
12570 5432871 5097131 335740 335740
12580 5432871 5097131 335740 335740
12590 5432871 5097131 335740 335740
12600 5432871 5097131 335740 335740
12610 5432871 5097131 335740 335740
12620 5432871 5097131 335740 335740
12630 5432871 5097131 335740 335740
12640 5432871 5097131 335740 335740
12650 5432871 5097131 335740 335740
12660 5432871 5097131 335740 335740
12670 5432871 5097131 335740 335740
12680 5432871 5097131 335740 335740
12690 5432871 5097131 335740 335740
12700 5432871 5097131 335740 335740
12710 5432871 5097131 335740 335740
12720 5432871 5097131 335740 335740
12730 5432871 5097131 335740 335740
12740 5432871 5097131 335740 335740
12750 5432871 5097131 335740 335740
12760 5432871 5097131 335740 335740
12770 5432871 5097131 335740 335740
12780 5432871 5097131 335740 335740
12790 5432871 5097131 335740 335740

