Optimal path [nodeId(time to the node):
17(0) -> 41(136) -> 10(140) -> 68(140) -> 99(125) -> 33(152) -> 83(126) -> 78(146) -> 73(137) -> 98(171) -> 62(122) -> 66(137) -> 13(145) -> 50(146) -> 65(143) -> 22(130) -> 18(127) -> 58(171) -> 4(138) -> 85(135) -> 26(145) -> 63(150) -> 96(127) -> 77(154) -> 60(161) -> 43(141) -> 0(165) -> 37(150) -> 71(147) -> 75(133) -> 94(142) -> 8(127) -> 31(128) -> 38(137) -> 74(142) -> 16(139) -> 89(158) -> 52(135) -> 90(134) -> 97(153) -> 56(133) -> 55(142) -> 53(127) -> 57(141) -> 51(145) -> 25(134) -> 82(152) -> 49(127) -> 70(146) -> 28(180) -> 76(135) -> 72(139) -> 27(125) -> 69(127) -> 95(148) -> 24(130) -> 80(153) -> 45(155) -> 48(154) -> 7(146) -> 20(153) -> 3(130) -> 14(127) -> 11(151) -> 34(150) -> 46(135) -> 9(140) -> 54(151) -> 12(120) -> 92(147) -> 39(160) -> 40(134) -> 36(133) -> 93(125) -> 84(148) -> 21(143) -> 2(124) -> 64(151) -> 32(149) -> 87(130) -> 47(163) -> 61(140) -> 91(149) -> 81(154) -> 1(140) -> 35(151) -> 23(135) -> 67(153) -> 19(133) -> 79(131) -> 30(134) -> 44(125) -> 42(164) -> 6(136) -> 5(147) -> 59(134) -> 29(143) -> 88(141) -> 86(139) -> 15(148)
Total time of delivery: 14035
The cost function value: 5221770

Statistics at the end of simulation: 
Residents: 5432871
Illness cases: 5221771 --> [96.11439329223904%]
Healthy residents: 211100 --> [3.8856067077609606%]
Vaccinated residents211100 --> [3.8856067077609606%]

Statistics of each node: 
id residentsNumber illnessCases healthyResidents vaccinated
17 27216 1 27215 27215
41 91808 58 91750 91750
10 95932 3797 92135 92135
68 42462 42462 0 0
99 28053 28053 0 0
33 13135 13135 0 0
83 46841 46841 0 0
78 57716 57716 0 0
73 49077 49077 0 0
98 93006 93006 0 0
62 19500 19500 0 0
66 26230 26230 0 0
13 61304 61304 0 0
50 30829 30829 0 0
65 70610 70610 0 0
22 73621 73621 0 0
18 16978 16978 0 0
58 16081 16081 0 0
4 56018 56018 0 0
85 44972 44972 0 0
26 26605 26605 0 0
63 51706 51706 0 0
96 73344 73344 0 0
77 28452 28452 0 0
60 91794 91794 0 0
43 79446 79446 0 0
0 59902 59902 0 0
37 51694 51694 0 0
71 23666 23666 0 0
75 26017 26017 0 0
94 76894 76894 0 0
8 45160 45160 0 0
31 69146 69146 0 0
38 33030 33030 0 0
74 81649 81649 0 0
16 82700 82700 0 0
89 68284 68284 0 0
52 63153 63153 0 0
90 80008 80008 0 0
97 86845 86845 0 0
56 80108 80108 0 0
55 88344 88344 0 0
53 61988 61988 0 0
57 39724 39724 0 0
51 94699 94699 0 0
25 67586 67586 0 0
82 15231 15231 0 0
49 19584 19584 0 0
70 36163 36163 0 0
28 91749 91749 0 0
76 31382 31382 0 0
72 90063 90063 0 0
27 80174 80174 0 0
69 66112 66112 0 0
95 71066 71066 0 0
24 37355 37355 0 0
80 67722 67722 0 0
45 46217 46217 0 0
48 13555 13555 0 0
7 29243 29243 0 0
20 48774 48774 0 0
3 57882 57882 0 0
14 81887 81887 0 0
11 84816 84816 0 0
34 28894 28894 0 0
46 73816 73816 0 0
9 60305 60305 0 0
54 69376 69376 0 0
12 79926 79926 0 0
92 24523 24523 0 0
39 32804 32804 0 0
40 31222 31222 0 0
36 85682 85682 0 0
93 39916 39916 0 0
84 70627 70627 0 0
21 82806 82806 0 0
2 43074 43074 0 0
64 22353 22353 0 0
32 59165 59165 0 0
87 20655 20655 0 0
47 98952 98952 0 0
61 25643 25643 0 0
91 32862 32862 0 0
81 89526 89526 0 0
1 49456 49456 0 0
35 96767 96767 0 0
23 20873 20873 0 0
67 37842 37842 0 0
19 87851 87851 0 0
79 84379 84379 0 0
30 67192 67192 0 0
44 15573 15573 0 0
42 68898 68898 0 0
6 12672 12672 0 0
5 15364 15364 0 0
59 83546 83546 0 0
29 15814 15814 0 0
88 37474 37474 0 0
86 26732 26732 0 0
15 78003 78003 0 0

Statistics step by step: 
minute residentsNumber illnessCases healthyResidents vaccinated
0 5432871 100 5432771 27215
10 5432871 100 5432771 27215
20 5432871 100 5432771 27215
30 5432871 199 5432672 27215
40 5432871 298 5432573 27215
50 5432871 397 5432474 27215
60 5432871 595 5432276 27215
70 5432871 793 5432078 27215
80 5432871 991 5431880 27215
90 5432871 1387 5431484 27215
100 5432871 1882 5430989 27215
110 5432871 2575 5430296 27215
120 5432871 3565 5429306 27215
130 5432871 4753 5428118 27215
140 5432871 6429 5426442 118965
150 5432871 8683 5424188 118965
160 5432871 11623 5421248 118965
170 5432871 15739 5417132 118965
180 5432871 21227 5411644 118965
190 5432871 28577 5404294 118965
200 5432871 38475 5394396 118965
210 5432871 51901 5380970 118965
220 5432871 69933 5362938 118965
230 5432871 94237 5338634 118965
240 5432871 127067 5305804 118965
250 5432871 171265 5261606 118965
260 5432871 230751 5202120 118965
270 5432871 311111 5121760 118965
280 5432871 418919 5013952 211100
290 5432871 563352 4869519 211100
300 5432871 758128 4674743 211100
310 5432871 1020610 4412261 211100
320 5432871 1371344 4061527 211100
330 5432871 1814395 3618476 211100
340 5432871 2369056 3063815 211100
350 5432871 3011737 2421134 211100
360 5432871 3743850 1689021 211100
370 5432871 4528170 904701 211100
380 5432871 5143804 289067 211100
390 5432871 5221771 211100 211100
400 5432871 5221771 211100 211100
410 5432871 5221771 211100 211100
420 5432871 5221771 211100 211100
430 5432871 5221771 211100 211100
440 5432871 5221771 211100 211100
450 5432871 5221771 211100 211100
460 5432871 5221771 211100 211100
470 5432871 5221771 211100 211100
480 5432871 5221771 211100 211100
490 5432871 5221771 211100 211100
500 5432871 5221771 211100 211100
510 5432871 5221771 211100 211100
520 5432871 5221771 211100 211100
530 5432871 5221771 211100 211100
540 5432871 5221771 211100 211100
550 5432871 5221771 211100 211100
560 5432871 5221771 211100 211100
570 5432871 5221771 211100 211100
580 5432871 5221771 211100 211100
590 5432871 5221771 211100 211100
600 5432871 5221771 211100 211100
610 5432871 5221771 211100 211100
620 5432871 5221771 211100 211100
630 5432871 5221771 211100 211100
640 5432871 5221771 211100 211100
650 5432871 5221771 211100 211100
660 5432871 5221771 211100 211100
670 5432871 5221771 211100 211100
680 5432871 5221771 211100 211100
690 5432871 5221771 211100 211100
700 5432871 5221771 211100 211100
710 5432871 5221771 211100 211100
720 5432871 5221771 211100 211100
730 5432871 5221771 211100 211100
740 5432871 5221771 211100 211100
750 5432871 5221771 211100 211100
760 5432871 5221771 211100 211100
770 5432871 5221771 211100 211100
780 5432871 5221771 211100 211100
790 5432871 5221771 211100 211100
800 5432871 5221771 211100 211100
810 5432871 5221771 211100 211100
820 5432871 5221771 211100 211100
830 5432871 5221771 211100 211100
840 5432871 5221771 211100 211100
850 5432871 5221771 211100 211100
860 5432871 5221771 211100 211100
870 5432871 5221771 211100 211100
880 5432871 5221771 211100 211100
890 5432871 5221771 211100 211100
900 5432871 5221771 211100 211100
910 5432871 5221771 211100 211100
920 5432871 5221771 211100 211100
930 5432871 5221771 211100 211100
940 5432871 5221771 211100 211100
950 5432871 5221771 211100 211100
960 5432871 5221771 211100 211100
970 5432871 5221771 211100 211100
980 5432871 5221771 211100 211100
990 5432871 5221771 211100 211100
1000 5432871 5221771 211100 211100
1010 5432871 5221771 211100 211100
1020 5432871 5221771 211100 211100
1030 5432871 5221771 211100 211100
1040 5432871 5221771 211100 211100
1050 5432871 5221771 211100 211100
1060 5432871 5221771 211100 211100
1070 5432871 5221771 211100 211100
1080 5432871 5221771 211100 211100
1090 5432871 5221771 211100 211100
1100 5432871 5221771 211100 211100
1110 5432871 5221771 211100 211100
1120 5432871 5221771 211100 211100
1130 5432871 5221771 211100 211100
1140 5432871 5221771 211100 211100
1150 5432871 5221771 211100 211100
1160 5432871 5221771 211100 211100
1170 5432871 5221771 211100 211100
1180 5432871 5221771 211100 211100
1190 5432871 5221771 211100 211100
1200 5432871 5221771 211100 211100
1210 5432871 5221771 211100 211100
1220 5432871 5221771 211100 211100
1230 5432871 5221771 211100 211100
1240 5432871 5221771 211100 211100
1250 5432871 5221771 211100 211100
1260 5432871 5221771 211100 211100
1270 5432871 5221771 211100 211100
1280 5432871 5221771 211100 211100
1290 5432871 5221771 211100 211100
1300 5432871 5221771 211100 211100
1310 5432871 5221771 211100 211100
1320 5432871 5221771 211100 211100
1330 5432871 5221771 211100 211100
1340 5432871 5221771 211100 211100
1350 5432871 5221771 211100 211100
1360 5432871 5221771 211100 211100
1370 5432871 5221771 211100 211100
1380 5432871 5221771 211100 211100
1390 5432871 5221771 211100 211100
1400 5432871 5221771 211100 211100
1410 5432871 5221771 211100 211100
1420 5432871 5221771 211100 211100
1430 5432871 5221771 211100 211100
1440 5432871 5221771 211100 211100
1450 5432871 5221771 211100 211100
1460 5432871 5221771 211100 211100
1470 5432871 5221771 211100 211100
1480 5432871 5221771 211100 211100
1490 5432871 5221771 211100 211100
1500 5432871 5221771 211100 211100
1510 5432871 5221771 211100 211100
1520 5432871 5221771 211100 211100
1530 5432871 5221771 211100 211100
1540 5432871 5221771 211100 211100
1550 5432871 5221771 211100 211100
1560 5432871 5221771 211100 211100
1570 5432871 5221771 211100 211100
1580 5432871 5221771 211100 211100
1590 5432871 5221771 211100 211100
1600 5432871 5221771 211100 211100
1610 5432871 5221771 211100 211100
1620 5432871 5221771 211100 211100
1630 5432871 5221771 211100 211100
1640 5432871 5221771 211100 211100
1650 5432871 5221771 211100 211100
1660 5432871 5221771 211100 211100
1670 5432871 5221771 211100 211100
1680 5432871 5221771 211100 211100
1690 5432871 5221771 211100 211100
1700 5432871 5221771 211100 211100
1710 5432871 5221771 211100 211100
1720 5432871 5221771 211100 211100
1730 5432871 5221771 211100 211100
1740 5432871 5221771 211100 211100
1750 5432871 5221771 211100 211100
1760 5432871 5221771 211100 211100
1770 5432871 5221771 211100 211100
1780 5432871 5221771 211100 211100
1790 5432871 5221771 211100 211100
1800 5432871 5221771 211100 211100
1810 5432871 5221771 211100 211100
1820 5432871 5221771 211100 211100
1830 5432871 5221771 211100 211100
1840 5432871 5221771 211100 211100
1850 5432871 5221771 211100 211100
1860 5432871 5221771 211100 211100
1870 5432871 5221771 211100 211100
1880 5432871 5221771 211100 211100
1890 5432871 5221771 211100 211100
1900 5432871 5221771 211100 211100
1910 5432871 5221771 211100 211100
1920 5432871 5221771 211100 211100
1930 5432871 5221771 211100 211100
1940 5432871 5221771 211100 211100
1950 5432871 5221771 211100 211100
1960 5432871 5221771 211100 211100
1970 5432871 5221771 211100 211100
1980 5432871 5221771 211100 211100
1990 5432871 5221771 211100 211100
2000 5432871 5221771 211100 211100
2010 5432871 5221771 211100 211100
2020 5432871 5221771 211100 211100
2030 5432871 5221771 211100 211100
2040 5432871 5221771 211100 211100
2050 5432871 5221771 211100 211100
2060 5432871 5221771 211100 211100
2070 5432871 5221771 211100 211100
2080 5432871 5221771 211100 211100
2090 5432871 5221771 211100 211100
2100 5432871 5221771 211100 211100
2110 5432871 5221771 211100 211100
2120 5432871 5221771 211100 211100
2130 5432871 5221771 211100 211100
2140 5432871 5221771 211100 211100
2150 5432871 5221771 211100 211100
2160 5432871 5221771 211100 211100
2170 5432871 5221771 211100 211100
2180 5432871 5221771 211100 211100
2190 5432871 5221771 211100 211100
2200 5432871 5221771 211100 211100
2210 5432871 5221771 211100 211100
2220 5432871 5221771 211100 211100
2230 5432871 5221771 211100 211100
2240 5432871 5221771 211100 211100
2250 5432871 5221771 211100 211100
2260 5432871 5221771 211100 211100
2270 5432871 5221771 211100 211100
2280 5432871 5221771 211100 211100
2290 5432871 5221771 211100 211100
2300 5432871 5221771 211100 211100
2310 5432871 5221771 211100 211100
2320 5432871 5221771 211100 211100
2330 5432871 5221771 211100 211100
2340 5432871 5221771 211100 211100
2350 5432871 5221771 211100 211100
2360 5432871 5221771 211100 211100
2370 5432871 5221771 211100 211100
2380 5432871 5221771 211100 211100
2390 5432871 5221771 211100 211100
2400 5432871 5221771 211100 211100
2410 5432871 5221771 211100 211100
2420 5432871 5221771 211100 211100
2430 5432871 5221771 211100 211100
2440 5432871 5221771 211100 211100
2450 5432871 5221771 211100 211100
2460 5432871 5221771 211100 211100
2470 5432871 5221771 211100 211100
2480 5432871 5221771 211100 211100
2490 5432871 5221771 211100 211100
2500 5432871 5221771 211100 211100
2510 5432871 5221771 211100 211100
2520 5432871 5221771 211100 211100
2530 5432871 5221771 211100 211100
2540 5432871 5221771 211100 211100
2550 5432871 5221771 211100 211100
2560 5432871 5221771 211100 211100
2570 5432871 5221771 211100 211100
2580 5432871 5221771 211100 211100
2590 5432871 5221771 211100 211100
2600 5432871 5221771 211100 211100
2610 5432871 5221771 211100 211100
2620 5432871 5221771 211100 211100
2630 5432871 5221771 211100 211100
2640 5432871 5221771 211100 211100
2650 5432871 5221771 211100 211100
2660 5432871 5221771 211100 211100
2670 5432871 5221771 211100 211100
2680 5432871 5221771 211100 211100
2690 5432871 5221771 211100 211100
2700 5432871 5221771 211100 211100
2710 5432871 5221771 211100 211100
2720 5432871 5221771 211100 211100
2730 5432871 5221771 211100 211100
2740 5432871 5221771 211100 211100
2750 5432871 5221771 211100 211100
2760 5432871 5221771 211100 211100
2770 5432871 5221771 211100 211100
2780 5432871 5221771 211100 211100
2790 5432871 5221771 211100 211100
2800 5432871 5221771 211100 211100
2810 5432871 5221771 211100 211100
2820 5432871 5221771 211100 211100
2830 5432871 5221771 211100 211100
2840 5432871 5221771 211100 211100
2850 5432871 5221771 211100 211100
2860 5432871 5221771 211100 211100
2870 5432871 5221771 211100 211100
2880 5432871 5221771 211100 211100
2890 5432871 5221771 211100 211100
2900 5432871 5221771 211100 211100
2910 5432871 5221771 211100 211100
2920 5432871 5221771 211100 211100
2930 5432871 5221771 211100 211100
2940 5432871 5221771 211100 211100
2950 5432871 5221771 211100 211100
2960 5432871 5221771 211100 211100
2970 5432871 5221771 211100 211100
2980 5432871 5221771 211100 211100
2990 5432871 5221771 211100 211100
3000 5432871 5221771 211100 211100
3010 5432871 5221771 211100 211100
3020 5432871 5221771 211100 211100
3030 5432871 5221771 211100 211100
3040 5432871 5221771 211100 211100
3050 5432871 5221771 211100 211100
3060 5432871 5221771 211100 211100
3070 5432871 5221771 211100 211100
3080 5432871 5221771 211100 211100
3090 5432871 5221771 211100 211100
3100 5432871 5221771 211100 211100
3110 5432871 5221771 211100 211100
3120 5432871 5221771 211100 211100
3130 5432871 5221771 211100 211100
3140 5432871 5221771 211100 211100
3150 5432871 5221771 211100 211100
3160 5432871 5221771 211100 211100
3170 5432871 5221771 211100 211100
3180 5432871 5221771 211100 211100
3190 5432871 5221771 211100 211100
3200 5432871 5221771 211100 211100
3210 5432871 5221771 211100 211100
3220 5432871 5221771 211100 211100
3230 5432871 5221771 211100 211100
3240 5432871 5221771 211100 211100
3250 5432871 5221771 211100 211100
3260 5432871 5221771 211100 211100
3270 5432871 5221771 211100 211100
3280 5432871 5221771 211100 211100
3290 5432871 5221771 211100 211100
3300 5432871 5221771 211100 211100
3310 5432871 5221771 211100 211100
3320 5432871 5221771 211100 211100
3330 5432871 5221771 211100 211100
3340 5432871 5221771 211100 211100
3350 5432871 5221771 211100 211100
3360 5432871 5221771 211100 211100
3370 5432871 5221771 211100 211100
3380 5432871 5221771 211100 211100
3390 5432871 5221771 211100 211100
3400 5432871 5221771 211100 211100
3410 5432871 5221771 211100 211100
3420 5432871 5221771 211100 211100
3430 5432871 5221771 211100 211100
3440 5432871 5221771 211100 211100
3450 5432871 5221771 211100 211100
3460 5432871 5221771 211100 211100
3470 5432871 5221771 211100 211100
3480 5432871 5221771 211100 211100
3490 5432871 5221771 211100 211100
3500 5432871 5221771 211100 211100
3510 5432871 5221771 211100 211100
3520 5432871 5221771 211100 211100
3530 5432871 5221771 211100 211100
3540 5432871 5221771 211100 211100
3550 5432871 5221771 211100 211100
3560 5432871 5221771 211100 211100
3570 5432871 5221771 211100 211100
3580 5432871 5221771 211100 211100
3590 5432871 5221771 211100 211100
3600 5432871 5221771 211100 211100
3610 5432871 5221771 211100 211100
3620 5432871 5221771 211100 211100
3630 5432871 5221771 211100 211100
3640 5432871 5221771 211100 211100
3650 5432871 5221771 211100 211100
3660 5432871 5221771 211100 211100
3670 5432871 5221771 211100 211100
3680 5432871 5221771 211100 211100
3690 5432871 5221771 211100 211100
3700 5432871 5221771 211100 211100
3710 5432871 5221771 211100 211100
3720 5432871 5221771 211100 211100
3730 5432871 5221771 211100 211100
3740 5432871 5221771 211100 211100
3750 5432871 5221771 211100 211100
3760 5432871 5221771 211100 211100
3770 5432871 5221771 211100 211100
3780 5432871 5221771 211100 211100
3790 5432871 5221771 211100 211100
3800 5432871 5221771 211100 211100
3810 5432871 5221771 211100 211100
3820 5432871 5221771 211100 211100
3830 5432871 5221771 211100 211100
3840 5432871 5221771 211100 211100
3850 5432871 5221771 211100 211100
3860 5432871 5221771 211100 211100
3870 5432871 5221771 211100 211100
3880 5432871 5221771 211100 211100
3890 5432871 5221771 211100 211100
3900 5432871 5221771 211100 211100
3910 5432871 5221771 211100 211100
3920 5432871 5221771 211100 211100
3930 5432871 5221771 211100 211100
3940 5432871 5221771 211100 211100
3950 5432871 5221771 211100 211100
3960 5432871 5221771 211100 211100
3970 5432871 5221771 211100 211100
3980 5432871 5221771 211100 211100
3990 5432871 5221771 211100 211100
4000 5432871 5221771 211100 211100
4010 5432871 5221771 211100 211100
4020 5432871 5221771 211100 211100
4030 5432871 5221771 211100 211100
4040 5432871 5221771 211100 211100
4050 5432871 5221771 211100 211100
4060 5432871 5221771 211100 211100
4070 5432871 5221771 211100 211100
4080 5432871 5221771 211100 211100
4090 5432871 5221771 211100 211100
4100 5432871 5221771 211100 211100
4110 5432871 5221771 211100 211100
4120 5432871 5221771 211100 211100
4130 5432871 5221771 211100 211100
4140 5432871 5221771 211100 211100
4150 5432871 5221771 211100 211100
4160 5432871 5221771 211100 211100
4170 5432871 5221771 211100 211100
4180 5432871 5221771 211100 211100
4190 5432871 5221771 211100 211100
4200 5432871 5221771 211100 211100
4210 5432871 5221771 211100 211100
4220 5432871 5221771 211100 211100
4230 5432871 5221771 211100 211100
4240 5432871 5221771 211100 211100
4250 5432871 5221771 211100 211100
4260 5432871 5221771 211100 211100
4270 5432871 5221771 211100 211100
4280 5432871 5221771 211100 211100
4290 5432871 5221771 211100 211100
4300 5432871 5221771 211100 211100
4310 5432871 5221771 211100 211100
4320 5432871 5221771 211100 211100
4330 5432871 5221771 211100 211100
4340 5432871 5221771 211100 211100
4350 5432871 5221771 211100 211100
4360 5432871 5221771 211100 211100
4370 5432871 5221771 211100 211100
4380 5432871 5221771 211100 211100
4390 5432871 5221771 211100 211100
4400 5432871 5221771 211100 211100
4410 5432871 5221771 211100 211100
4420 5432871 5221771 211100 211100
4430 5432871 5221771 211100 211100
4440 5432871 5221771 211100 211100
4450 5432871 5221771 211100 211100
4460 5432871 5221771 211100 211100
4470 5432871 5221771 211100 211100
4480 5432871 5221771 211100 211100
4490 5432871 5221771 211100 211100
4500 5432871 5221771 211100 211100
4510 5432871 5221771 211100 211100
4520 5432871 5221771 211100 211100
4530 5432871 5221771 211100 211100
4540 5432871 5221771 211100 211100
4550 5432871 5221771 211100 211100
4560 5432871 5221771 211100 211100
4570 5432871 5221771 211100 211100
4580 5432871 5221771 211100 211100
4590 5432871 5221771 211100 211100
4600 5432871 5221771 211100 211100
4610 5432871 5221771 211100 211100
4620 5432871 5221771 211100 211100
4630 5432871 5221771 211100 211100
4640 5432871 5221771 211100 211100
4650 5432871 5221771 211100 211100
4660 5432871 5221771 211100 211100
4670 5432871 5221771 211100 211100
4680 5432871 5221771 211100 211100
4690 5432871 5221771 211100 211100
4700 5432871 5221771 211100 211100
4710 5432871 5221771 211100 211100
4720 5432871 5221771 211100 211100
4730 5432871 5221771 211100 211100
4740 5432871 5221771 211100 211100
4750 5432871 5221771 211100 211100
4760 5432871 5221771 211100 211100
4770 5432871 5221771 211100 211100
4780 5432871 5221771 211100 211100
4790 5432871 5221771 211100 211100
4800 5432871 5221771 211100 211100
4810 5432871 5221771 211100 211100
4820 5432871 5221771 211100 211100
4830 5432871 5221771 211100 211100
4840 5432871 5221771 211100 211100
4850 5432871 5221771 211100 211100
4860 5432871 5221771 211100 211100
4870 5432871 5221771 211100 211100
4880 5432871 5221771 211100 211100
4890 5432871 5221771 211100 211100
4900 5432871 5221771 211100 211100
4910 5432871 5221771 211100 211100
4920 5432871 5221771 211100 211100
4930 5432871 5221771 211100 211100
4940 5432871 5221771 211100 211100
4950 5432871 5221771 211100 211100
4960 5432871 5221771 211100 211100
4970 5432871 5221771 211100 211100
4980 5432871 5221771 211100 211100
4990 5432871 5221771 211100 211100
5000 5432871 5221771 211100 211100
5010 5432871 5221771 211100 211100
5020 5432871 5221771 211100 211100
5030 5432871 5221771 211100 211100
5040 5432871 5221771 211100 211100
5050 5432871 5221771 211100 211100
5060 5432871 5221771 211100 211100
5070 5432871 5221771 211100 211100
5080 5432871 5221771 211100 211100
5090 5432871 5221771 211100 211100
5100 5432871 5221771 211100 211100
5110 5432871 5221771 211100 211100
5120 5432871 5221771 211100 211100
5130 5432871 5221771 211100 211100
5140 5432871 5221771 211100 211100
5150 5432871 5221771 211100 211100
5160 5432871 5221771 211100 211100
5170 5432871 5221771 211100 211100
5180 5432871 5221771 211100 211100
5190 5432871 5221771 211100 211100
5200 5432871 5221771 211100 211100
5210 5432871 5221771 211100 211100
5220 5432871 5221771 211100 211100
5230 5432871 5221771 211100 211100
5240 5432871 5221771 211100 211100
5250 5432871 5221771 211100 211100
5260 5432871 5221771 211100 211100
5270 5432871 5221771 211100 211100
5280 5432871 5221771 211100 211100
5290 5432871 5221771 211100 211100
5300 5432871 5221771 211100 211100
5310 5432871 5221771 211100 211100
5320 5432871 5221771 211100 211100
5330 5432871 5221771 211100 211100
5340 5432871 5221771 211100 211100
5350 5432871 5221771 211100 211100
5360 5432871 5221771 211100 211100
5370 5432871 5221771 211100 211100
5380 5432871 5221771 211100 211100
5390 5432871 5221771 211100 211100
5400 5432871 5221771 211100 211100
5410 5432871 5221771 211100 211100
5420 5432871 5221771 211100 211100
5430 5432871 5221771 211100 211100
5440 5432871 5221771 211100 211100
5450 5432871 5221771 211100 211100
5460 5432871 5221771 211100 211100
5470 5432871 5221771 211100 211100
5480 5432871 5221771 211100 211100
5490 5432871 5221771 211100 211100
5500 5432871 5221771 211100 211100
5510 5432871 5221771 211100 211100
5520 5432871 5221771 211100 211100
5530 5432871 5221771 211100 211100
5540 5432871 5221771 211100 211100
5550 5432871 5221771 211100 211100
5560 5432871 5221771 211100 211100
5570 5432871 5221771 211100 211100
5580 5432871 5221771 211100 211100
5590 5432871 5221771 211100 211100
5600 5432871 5221771 211100 211100
5610 5432871 5221771 211100 211100
5620 5432871 5221771 211100 211100
5630 5432871 5221771 211100 211100
5640 5432871 5221771 211100 211100
5650 5432871 5221771 211100 211100
5660 5432871 5221771 211100 211100
5670 5432871 5221771 211100 211100
5680 5432871 5221771 211100 211100
5690 5432871 5221771 211100 211100
5700 5432871 5221771 211100 211100
5710 5432871 5221771 211100 211100
5720 5432871 5221771 211100 211100
5730 5432871 5221771 211100 211100
5740 5432871 5221771 211100 211100
5750 5432871 5221771 211100 211100
5760 5432871 5221771 211100 211100
5770 5432871 5221771 211100 211100
5780 5432871 5221771 211100 211100
5790 5432871 5221771 211100 211100
5800 5432871 5221771 211100 211100
5810 5432871 5221771 211100 211100
5820 5432871 5221771 211100 211100
5830 5432871 5221771 211100 211100
5840 5432871 5221771 211100 211100
5850 5432871 5221771 211100 211100
5860 5432871 5221771 211100 211100
5870 5432871 5221771 211100 211100
5880 5432871 5221771 211100 211100
5890 5432871 5221771 211100 211100
5900 5432871 5221771 211100 211100
5910 5432871 5221771 211100 211100
5920 5432871 5221771 211100 211100
5930 5432871 5221771 211100 211100
5940 5432871 5221771 211100 211100
5950 5432871 5221771 211100 211100
5960 5432871 5221771 211100 211100
5970 5432871 5221771 211100 211100
5980 5432871 5221771 211100 211100
5990 5432871 5221771 211100 211100
6000 5432871 5221771 211100 211100
6010 5432871 5221771 211100 211100
6020 5432871 5221771 211100 211100
6030 5432871 5221771 211100 211100
6040 5432871 5221771 211100 211100
6050 5432871 5221771 211100 211100
6060 5432871 5221771 211100 211100
6070 5432871 5221771 211100 211100
6080 5432871 5221771 211100 211100
6090 5432871 5221771 211100 211100
6100 5432871 5221771 211100 211100
6110 5432871 5221771 211100 211100
6120 5432871 5221771 211100 211100
6130 5432871 5221771 211100 211100
6140 5432871 5221771 211100 211100
6150 5432871 5221771 211100 211100
6160 5432871 5221771 211100 211100
6170 5432871 5221771 211100 211100
6180 5432871 5221771 211100 211100
6190 5432871 5221771 211100 211100
6200 5432871 5221771 211100 211100
6210 5432871 5221771 211100 211100
6220 5432871 5221771 211100 211100
6230 5432871 5221771 211100 211100
6240 5432871 5221771 211100 211100
6250 5432871 5221771 211100 211100
6260 5432871 5221771 211100 211100
6270 5432871 5221771 211100 211100
6280 5432871 5221771 211100 211100
6290 5432871 5221771 211100 211100
6300 5432871 5221771 211100 211100
6310 5432871 5221771 211100 211100
6320 5432871 5221771 211100 211100
6330 5432871 5221771 211100 211100
6340 5432871 5221771 211100 211100
6350 5432871 5221771 211100 211100
6360 5432871 5221771 211100 211100
6370 5432871 5221771 211100 211100
6380 5432871 5221771 211100 211100
6390 5432871 5221771 211100 211100
6400 5432871 5221771 211100 211100
6410 5432871 5221771 211100 211100
6420 5432871 5221771 211100 211100
6430 5432871 5221771 211100 211100
6440 5432871 5221771 211100 211100
6450 5432871 5221771 211100 211100
6460 5432871 5221771 211100 211100
6470 5432871 5221771 211100 211100
6480 5432871 5221771 211100 211100
6490 5432871 5221771 211100 211100
6500 5432871 5221771 211100 211100
6510 5432871 5221771 211100 211100
6520 5432871 5221771 211100 211100
6530 5432871 5221771 211100 211100
6540 5432871 5221771 211100 211100
6550 5432871 5221771 211100 211100
6560 5432871 5221771 211100 211100
6570 5432871 5221771 211100 211100
6580 5432871 5221771 211100 211100
6590 5432871 5221771 211100 211100
6600 5432871 5221771 211100 211100
6610 5432871 5221771 211100 211100
6620 5432871 5221771 211100 211100
6630 5432871 5221771 211100 211100
6640 5432871 5221771 211100 211100
6650 5432871 5221771 211100 211100
6660 5432871 5221771 211100 211100
6670 5432871 5221771 211100 211100
6680 5432871 5221771 211100 211100
6690 5432871 5221771 211100 211100
6700 5432871 5221771 211100 211100
6710 5432871 5221771 211100 211100
6720 5432871 5221771 211100 211100
6730 5432871 5221771 211100 211100
6740 5432871 5221771 211100 211100
6750 5432871 5221771 211100 211100
6760 5432871 5221771 211100 211100
6770 5432871 5221771 211100 211100
6780 5432871 5221771 211100 211100
6790 5432871 5221771 211100 211100
6800 5432871 5221771 211100 211100
6810 5432871 5221771 211100 211100
6820 5432871 5221771 211100 211100
6830 5432871 5221771 211100 211100
6840 5432871 5221771 211100 211100
6850 5432871 5221771 211100 211100
6860 5432871 5221771 211100 211100
6870 5432871 5221771 211100 211100
6880 5432871 5221771 211100 211100
6890 5432871 5221771 211100 211100
6900 5432871 5221771 211100 211100
6910 5432871 5221771 211100 211100
6920 5432871 5221771 211100 211100
6930 5432871 5221771 211100 211100
6940 5432871 5221771 211100 211100
6950 5432871 5221771 211100 211100
6960 5432871 5221771 211100 211100
6970 5432871 5221771 211100 211100
6980 5432871 5221771 211100 211100
6990 5432871 5221771 211100 211100
7000 5432871 5221771 211100 211100
7010 5432871 5221771 211100 211100
7020 5432871 5221771 211100 211100
7030 5432871 5221771 211100 211100
7040 5432871 5221771 211100 211100
7050 5432871 5221771 211100 211100
7060 5432871 5221771 211100 211100
7070 5432871 5221771 211100 211100
7080 5432871 5221771 211100 211100
7090 5432871 5221771 211100 211100
7100 5432871 5221771 211100 211100
7110 5432871 5221771 211100 211100
7120 5432871 5221771 211100 211100
7130 5432871 5221771 211100 211100
7140 5432871 5221771 211100 211100
7150 5432871 5221771 211100 211100
7160 5432871 5221771 211100 211100
7170 5432871 5221771 211100 211100
7180 5432871 5221771 211100 211100
7190 5432871 5221771 211100 211100
7200 5432871 5221771 211100 211100
7210 5432871 5221771 211100 211100
7220 5432871 5221771 211100 211100
7230 5432871 5221771 211100 211100
7240 5432871 5221771 211100 211100
7250 5432871 5221771 211100 211100
7260 5432871 5221771 211100 211100
7270 5432871 5221771 211100 211100
7280 5432871 5221771 211100 211100
7290 5432871 5221771 211100 211100
7300 5432871 5221771 211100 211100
7310 5432871 5221771 211100 211100
7320 5432871 5221771 211100 211100
7330 5432871 5221771 211100 211100
7340 5432871 5221771 211100 211100
7350 5432871 5221771 211100 211100
7360 5432871 5221771 211100 211100
7370 5432871 5221771 211100 211100
7380 5432871 5221771 211100 211100
7390 5432871 5221771 211100 211100
7400 5432871 5221771 211100 211100
7410 5432871 5221771 211100 211100
7420 5432871 5221771 211100 211100
7430 5432871 5221771 211100 211100
7440 5432871 5221771 211100 211100
7450 5432871 5221771 211100 211100
7460 5432871 5221771 211100 211100
7470 5432871 5221771 211100 211100
7480 5432871 5221771 211100 211100
7490 5432871 5221771 211100 211100
7500 5432871 5221771 211100 211100
7510 5432871 5221771 211100 211100
7520 5432871 5221771 211100 211100
7530 5432871 5221771 211100 211100
7540 5432871 5221771 211100 211100
7550 5432871 5221771 211100 211100
7560 5432871 5221771 211100 211100
7570 5432871 5221771 211100 211100
7580 5432871 5221771 211100 211100
7590 5432871 5221771 211100 211100
7600 5432871 5221771 211100 211100
7610 5432871 5221771 211100 211100
7620 5432871 5221771 211100 211100
7630 5432871 5221771 211100 211100
7640 5432871 5221771 211100 211100
7650 5432871 5221771 211100 211100
7660 5432871 5221771 211100 211100
7670 5432871 5221771 211100 211100
7680 5432871 5221771 211100 211100
7690 5432871 5221771 211100 211100
7700 5432871 5221771 211100 211100
7710 5432871 5221771 211100 211100
7720 5432871 5221771 211100 211100
7730 5432871 5221771 211100 211100
7740 5432871 5221771 211100 211100
7750 5432871 5221771 211100 211100
7760 5432871 5221771 211100 211100
7770 5432871 5221771 211100 211100
7780 5432871 5221771 211100 211100
7790 5432871 5221771 211100 211100
7800 5432871 5221771 211100 211100
7810 5432871 5221771 211100 211100
7820 5432871 5221771 211100 211100
7830 5432871 5221771 211100 211100
7840 5432871 5221771 211100 211100
7850 5432871 5221771 211100 211100
7860 5432871 5221771 211100 211100
7870 5432871 5221771 211100 211100
7880 5432871 5221771 211100 211100
7890 5432871 5221771 211100 211100
7900 5432871 5221771 211100 211100
7910 5432871 5221771 211100 211100
7920 5432871 5221771 211100 211100
7930 5432871 5221771 211100 211100
7940 5432871 5221771 211100 211100
7950 5432871 5221771 211100 211100
7960 5432871 5221771 211100 211100
7970 5432871 5221771 211100 211100
7980 5432871 5221771 211100 211100
7990 5432871 5221771 211100 211100
8000 5432871 5221771 211100 211100
8010 5432871 5221771 211100 211100
8020 5432871 5221771 211100 211100
8030 5432871 5221771 211100 211100
8040 5432871 5221771 211100 211100
8050 5432871 5221771 211100 211100
8060 5432871 5221771 211100 211100
8070 5432871 5221771 211100 211100
8080 5432871 5221771 211100 211100
8090 5432871 5221771 211100 211100
8100 5432871 5221771 211100 211100
8110 5432871 5221771 211100 211100
8120 5432871 5221771 211100 211100
8130 5432871 5221771 211100 211100
8140 5432871 5221771 211100 211100
8150 5432871 5221771 211100 211100
8160 5432871 5221771 211100 211100
8170 5432871 5221771 211100 211100
8180 5432871 5221771 211100 211100
8190 5432871 5221771 211100 211100
8200 5432871 5221771 211100 211100
8210 5432871 5221771 211100 211100
8220 5432871 5221771 211100 211100
8230 5432871 5221771 211100 211100
8240 5432871 5221771 211100 211100
8250 5432871 5221771 211100 211100
8260 5432871 5221771 211100 211100
8270 5432871 5221771 211100 211100
8280 5432871 5221771 211100 211100
8290 5432871 5221771 211100 211100
8300 5432871 5221771 211100 211100
8310 5432871 5221771 211100 211100
8320 5432871 5221771 211100 211100
8330 5432871 5221771 211100 211100
8340 5432871 5221771 211100 211100
8350 5432871 5221771 211100 211100
8360 5432871 5221771 211100 211100
8370 5432871 5221771 211100 211100
8380 5432871 5221771 211100 211100
8390 5432871 5221771 211100 211100
8400 5432871 5221771 211100 211100
8410 5432871 5221771 211100 211100
8420 5432871 5221771 211100 211100
8430 5432871 5221771 211100 211100
8440 5432871 5221771 211100 211100
8450 5432871 5221771 211100 211100
8460 5432871 5221771 211100 211100
8470 5432871 5221771 211100 211100
8480 5432871 5221771 211100 211100
8490 5432871 5221771 211100 211100
8500 5432871 5221771 211100 211100
8510 5432871 5221771 211100 211100
8520 5432871 5221771 211100 211100
8530 5432871 5221771 211100 211100
8540 5432871 5221771 211100 211100
8550 5432871 5221771 211100 211100
8560 5432871 5221771 211100 211100
8570 5432871 5221771 211100 211100
8580 5432871 5221771 211100 211100
8590 5432871 5221771 211100 211100
8600 5432871 5221771 211100 211100
8610 5432871 5221771 211100 211100
8620 5432871 5221771 211100 211100
8630 5432871 5221771 211100 211100
8640 5432871 5221771 211100 211100
8650 5432871 5221771 211100 211100
8660 5432871 5221771 211100 211100
8670 5432871 5221771 211100 211100
8680 5432871 5221771 211100 211100
8690 5432871 5221771 211100 211100
8700 5432871 5221771 211100 211100
8710 5432871 5221771 211100 211100
8720 5432871 5221771 211100 211100
8730 5432871 5221771 211100 211100
8740 5432871 5221771 211100 211100
8750 5432871 5221771 211100 211100
8760 5432871 5221771 211100 211100
8770 5432871 5221771 211100 211100
8780 5432871 5221771 211100 211100
8790 5432871 5221771 211100 211100
8800 5432871 5221771 211100 211100
8810 5432871 5221771 211100 211100
8820 5432871 5221771 211100 211100
8830 5432871 5221771 211100 211100
8840 5432871 5221771 211100 211100
8850 5432871 5221771 211100 211100
8860 5432871 5221771 211100 211100
8870 5432871 5221771 211100 211100
8880 5432871 5221771 211100 211100
8890 5432871 5221771 211100 211100
8900 5432871 5221771 211100 211100
8910 5432871 5221771 211100 211100
8920 5432871 5221771 211100 211100
8930 5432871 5221771 211100 211100
8940 5432871 5221771 211100 211100
8950 5432871 5221771 211100 211100
8960 5432871 5221771 211100 211100
8970 5432871 5221771 211100 211100
8980 5432871 5221771 211100 211100
8990 5432871 5221771 211100 211100
9000 5432871 5221771 211100 211100
9010 5432871 5221771 211100 211100
9020 5432871 5221771 211100 211100
9030 5432871 5221771 211100 211100
9040 5432871 5221771 211100 211100
9050 5432871 5221771 211100 211100
9060 5432871 5221771 211100 211100
9070 5432871 5221771 211100 211100
9080 5432871 5221771 211100 211100
9090 5432871 5221771 211100 211100
9100 5432871 5221771 211100 211100
9110 5432871 5221771 211100 211100
9120 5432871 5221771 211100 211100
9130 5432871 5221771 211100 211100
9140 5432871 5221771 211100 211100
9150 5432871 5221771 211100 211100
9160 5432871 5221771 211100 211100
9170 5432871 5221771 211100 211100
9180 5432871 5221771 211100 211100
9190 5432871 5221771 211100 211100
9200 5432871 5221771 211100 211100
9210 5432871 5221771 211100 211100
9220 5432871 5221771 211100 211100
9230 5432871 5221771 211100 211100
9240 5432871 5221771 211100 211100
9250 5432871 5221771 211100 211100
9260 5432871 5221771 211100 211100
9270 5432871 5221771 211100 211100
9280 5432871 5221771 211100 211100
9290 5432871 5221771 211100 211100
9300 5432871 5221771 211100 211100
9310 5432871 5221771 211100 211100
9320 5432871 5221771 211100 211100
9330 5432871 5221771 211100 211100
9340 5432871 5221771 211100 211100
9350 5432871 5221771 211100 211100
9360 5432871 5221771 211100 211100
9370 5432871 5221771 211100 211100
9380 5432871 5221771 211100 211100
9390 5432871 5221771 211100 211100
9400 5432871 5221771 211100 211100
9410 5432871 5221771 211100 211100
9420 5432871 5221771 211100 211100
9430 5432871 5221771 211100 211100
9440 5432871 5221771 211100 211100
9450 5432871 5221771 211100 211100
9460 5432871 5221771 211100 211100
9470 5432871 5221771 211100 211100
9480 5432871 5221771 211100 211100
9490 5432871 5221771 211100 211100
9500 5432871 5221771 211100 211100
9510 5432871 5221771 211100 211100
9520 5432871 5221771 211100 211100
9530 5432871 5221771 211100 211100
9540 5432871 5221771 211100 211100
9550 5432871 5221771 211100 211100
9560 5432871 5221771 211100 211100
9570 5432871 5221771 211100 211100
9580 5432871 5221771 211100 211100
9590 5432871 5221771 211100 211100
9600 5432871 5221771 211100 211100
9610 5432871 5221771 211100 211100
9620 5432871 5221771 211100 211100
9630 5432871 5221771 211100 211100
9640 5432871 5221771 211100 211100
9650 5432871 5221771 211100 211100
9660 5432871 5221771 211100 211100
9670 5432871 5221771 211100 211100
9680 5432871 5221771 211100 211100
9690 5432871 5221771 211100 211100
9700 5432871 5221771 211100 211100
9710 5432871 5221771 211100 211100
9720 5432871 5221771 211100 211100
9730 5432871 5221771 211100 211100
9740 5432871 5221771 211100 211100
9750 5432871 5221771 211100 211100
9760 5432871 5221771 211100 211100
9770 5432871 5221771 211100 211100
9780 5432871 5221771 211100 211100
9790 5432871 5221771 211100 211100
9800 5432871 5221771 211100 211100
9810 5432871 5221771 211100 211100
9820 5432871 5221771 211100 211100
9830 5432871 5221771 211100 211100
9840 5432871 5221771 211100 211100
9850 5432871 5221771 211100 211100
9860 5432871 5221771 211100 211100
9870 5432871 5221771 211100 211100
9880 5432871 5221771 211100 211100
9890 5432871 5221771 211100 211100
9900 5432871 5221771 211100 211100
9910 5432871 5221771 211100 211100
9920 5432871 5221771 211100 211100
9930 5432871 5221771 211100 211100
9940 5432871 5221771 211100 211100
9950 5432871 5221771 211100 211100
9960 5432871 5221771 211100 211100
9970 5432871 5221771 211100 211100
9980 5432871 5221771 211100 211100
9990 5432871 5221771 211100 211100
10000 5432871 5221771 211100 211100
10010 5432871 5221771 211100 211100
10020 5432871 5221771 211100 211100
10030 5432871 5221771 211100 211100
10040 5432871 5221771 211100 211100
10050 5432871 5221771 211100 211100
10060 5432871 5221771 211100 211100
10070 5432871 5221771 211100 211100
10080 5432871 5221771 211100 211100
10090 5432871 5221771 211100 211100
10100 5432871 5221771 211100 211100
10110 5432871 5221771 211100 211100
10120 5432871 5221771 211100 211100
10130 5432871 5221771 211100 211100
10140 5432871 5221771 211100 211100
10150 5432871 5221771 211100 211100
10160 5432871 5221771 211100 211100
10170 5432871 5221771 211100 211100
10180 5432871 5221771 211100 211100
10190 5432871 5221771 211100 211100
10200 5432871 5221771 211100 211100
10210 5432871 5221771 211100 211100
10220 5432871 5221771 211100 211100
10230 5432871 5221771 211100 211100
10240 5432871 5221771 211100 211100
10250 5432871 5221771 211100 211100
10260 5432871 5221771 211100 211100
10270 5432871 5221771 211100 211100
10280 5432871 5221771 211100 211100
10290 5432871 5221771 211100 211100
10300 5432871 5221771 211100 211100
10310 5432871 5221771 211100 211100
10320 5432871 5221771 211100 211100
10330 5432871 5221771 211100 211100
10340 5432871 5221771 211100 211100
10350 5432871 5221771 211100 211100
10360 5432871 5221771 211100 211100
10370 5432871 5221771 211100 211100
10380 5432871 5221771 211100 211100
10390 5432871 5221771 211100 211100
10400 5432871 5221771 211100 211100
10410 5432871 5221771 211100 211100
10420 5432871 5221771 211100 211100
10430 5432871 5221771 211100 211100
10440 5432871 5221771 211100 211100
10450 5432871 5221771 211100 211100
10460 5432871 5221771 211100 211100
10470 5432871 5221771 211100 211100
10480 5432871 5221771 211100 211100
10490 5432871 5221771 211100 211100
10500 5432871 5221771 211100 211100
10510 5432871 5221771 211100 211100
10520 5432871 5221771 211100 211100
10530 5432871 5221771 211100 211100
10540 5432871 5221771 211100 211100
10550 5432871 5221771 211100 211100
10560 5432871 5221771 211100 211100
10570 5432871 5221771 211100 211100
10580 5432871 5221771 211100 211100
10590 5432871 5221771 211100 211100
10600 5432871 5221771 211100 211100
10610 5432871 5221771 211100 211100
10620 5432871 5221771 211100 211100
10630 5432871 5221771 211100 211100
10640 5432871 5221771 211100 211100
10650 5432871 5221771 211100 211100
10660 5432871 5221771 211100 211100
10670 5432871 5221771 211100 211100
10680 5432871 5221771 211100 211100
10690 5432871 5221771 211100 211100
10700 5432871 5221771 211100 211100
10710 5432871 5221771 211100 211100
10720 5432871 5221771 211100 211100
10730 5432871 5221771 211100 211100
10740 5432871 5221771 211100 211100
10750 5432871 5221771 211100 211100
10760 5432871 5221771 211100 211100
10770 5432871 5221771 211100 211100
10780 5432871 5221771 211100 211100
10790 5432871 5221771 211100 211100
10800 5432871 5221771 211100 211100
10810 5432871 5221771 211100 211100
10820 5432871 5221771 211100 211100
10830 5432871 5221771 211100 211100
10840 5432871 5221771 211100 211100
10850 5432871 5221771 211100 211100
10860 5432871 5221771 211100 211100
10870 5432871 5221771 211100 211100
10880 5432871 5221771 211100 211100
10890 5432871 5221771 211100 211100
10900 5432871 5221771 211100 211100
10910 5432871 5221771 211100 211100
10920 5432871 5221771 211100 211100
10930 5432871 5221771 211100 211100
10940 5432871 5221771 211100 211100
10950 5432871 5221771 211100 211100
10960 5432871 5221771 211100 211100
10970 5432871 5221771 211100 211100
10980 5432871 5221771 211100 211100
10990 5432871 5221771 211100 211100
11000 5432871 5221771 211100 211100
11010 5432871 5221771 211100 211100
11020 5432871 5221771 211100 211100
11030 5432871 5221771 211100 211100
11040 5432871 5221771 211100 211100
11050 5432871 5221771 211100 211100
11060 5432871 5221771 211100 211100
11070 5432871 5221771 211100 211100
11080 5432871 5221771 211100 211100
11090 5432871 5221771 211100 211100
11100 5432871 5221771 211100 211100
11110 5432871 5221771 211100 211100
11120 5432871 5221771 211100 211100
11130 5432871 5221771 211100 211100
11140 5432871 5221771 211100 211100
11150 5432871 5221771 211100 211100
11160 5432871 5221771 211100 211100
11170 5432871 5221771 211100 211100
11180 5432871 5221771 211100 211100
11190 5432871 5221771 211100 211100
11200 5432871 5221771 211100 211100
11210 5432871 5221771 211100 211100
11220 5432871 5221771 211100 211100
11230 5432871 5221771 211100 211100
11240 5432871 5221771 211100 211100
11250 5432871 5221771 211100 211100
11260 5432871 5221771 211100 211100
11270 5432871 5221771 211100 211100
11280 5432871 5221771 211100 211100
11290 5432871 5221771 211100 211100
11300 5432871 5221771 211100 211100
11310 5432871 5221771 211100 211100
11320 5432871 5221771 211100 211100
11330 5432871 5221771 211100 211100
11340 5432871 5221771 211100 211100
11350 5432871 5221771 211100 211100
11360 5432871 5221771 211100 211100
11370 5432871 5221771 211100 211100
11380 5432871 5221771 211100 211100
11390 5432871 5221771 211100 211100
11400 5432871 5221771 211100 211100
11410 5432871 5221771 211100 211100
11420 5432871 5221771 211100 211100
11430 5432871 5221771 211100 211100
11440 5432871 5221771 211100 211100
11450 5432871 5221771 211100 211100
11460 5432871 5221771 211100 211100
11470 5432871 5221771 211100 211100
11480 5432871 5221771 211100 211100
11490 5432871 5221771 211100 211100
11500 5432871 5221771 211100 211100
11510 5432871 5221771 211100 211100
11520 5432871 5221771 211100 211100
11530 5432871 5221771 211100 211100
11540 5432871 5221771 211100 211100
11550 5432871 5221771 211100 211100
11560 5432871 5221771 211100 211100
11570 5432871 5221771 211100 211100
11580 5432871 5221771 211100 211100
11590 5432871 5221771 211100 211100
11600 5432871 5221771 211100 211100
11610 5432871 5221771 211100 211100
11620 5432871 5221771 211100 211100
11630 5432871 5221771 211100 211100
11640 5432871 5221771 211100 211100
11650 5432871 5221771 211100 211100
11660 5432871 5221771 211100 211100
11670 5432871 5221771 211100 211100
11680 5432871 5221771 211100 211100
11690 5432871 5221771 211100 211100
11700 5432871 5221771 211100 211100
11710 5432871 5221771 211100 211100
11720 5432871 5221771 211100 211100
11730 5432871 5221771 211100 211100
11740 5432871 5221771 211100 211100
11750 5432871 5221771 211100 211100
11760 5432871 5221771 211100 211100
11770 5432871 5221771 211100 211100
11780 5432871 5221771 211100 211100
11790 5432871 5221771 211100 211100
11800 5432871 5221771 211100 211100
11810 5432871 5221771 211100 211100
11820 5432871 5221771 211100 211100
11830 5432871 5221771 211100 211100
11840 5432871 5221771 211100 211100
11850 5432871 5221771 211100 211100
11860 5432871 5221771 211100 211100
11870 5432871 5221771 211100 211100
11880 5432871 5221771 211100 211100
11890 5432871 5221771 211100 211100
11900 5432871 5221771 211100 211100
11910 5432871 5221771 211100 211100
11920 5432871 5221771 211100 211100
11930 5432871 5221771 211100 211100
11940 5432871 5221771 211100 211100
11950 5432871 5221771 211100 211100
11960 5432871 5221771 211100 211100
11970 5432871 5221771 211100 211100
11980 5432871 5221771 211100 211100
11990 5432871 5221771 211100 211100
12000 5432871 5221771 211100 211100
12010 5432871 5221771 211100 211100
12020 5432871 5221771 211100 211100
12030 5432871 5221771 211100 211100
12040 5432871 5221771 211100 211100
12050 5432871 5221771 211100 211100
12060 5432871 5221771 211100 211100
12070 5432871 5221771 211100 211100
12080 5432871 5221771 211100 211100
12090 5432871 5221771 211100 211100
12100 5432871 5221771 211100 211100
12110 5432871 5221771 211100 211100
12120 5432871 5221771 211100 211100
12130 5432871 5221771 211100 211100
12140 5432871 5221771 211100 211100
12150 5432871 5221771 211100 211100
12160 5432871 5221771 211100 211100
12170 5432871 5221771 211100 211100
12180 5432871 5221771 211100 211100
12190 5432871 5221771 211100 211100
12200 5432871 5221771 211100 211100
12210 5432871 5221771 211100 211100
12220 5432871 5221771 211100 211100
12230 5432871 5221771 211100 211100
12240 5432871 5221771 211100 211100
12250 5432871 5221771 211100 211100
12260 5432871 5221771 211100 211100
12270 5432871 5221771 211100 211100
12280 5432871 5221771 211100 211100
12290 5432871 5221771 211100 211100
12300 5432871 5221771 211100 211100
12310 5432871 5221771 211100 211100
12320 5432871 5221771 211100 211100
12330 5432871 5221771 211100 211100
12340 5432871 5221771 211100 211100
12350 5432871 5221771 211100 211100
12360 5432871 5221771 211100 211100
12370 5432871 5221771 211100 211100
12380 5432871 5221771 211100 211100
12390 5432871 5221771 211100 211100
12400 5432871 5221771 211100 211100
12410 5432871 5221771 211100 211100
12420 5432871 5221771 211100 211100
12430 5432871 5221771 211100 211100
12440 5432871 5221771 211100 211100
12450 5432871 5221771 211100 211100
12460 5432871 5221771 211100 211100
12470 5432871 5221771 211100 211100
12480 5432871 5221771 211100 211100
12490 5432871 5221771 211100 211100
12500 5432871 5221771 211100 211100
12510 5432871 5221771 211100 211100
12520 5432871 5221771 211100 211100
12530 5432871 5221771 211100 211100
12540 5432871 5221771 211100 211100
12550 5432871 5221771 211100 211100
12560 5432871 5221771 211100 211100
12570 5432871 5221771 211100 211100
12580 5432871 5221771 211100 211100
12590 5432871 5221771 211100 211100
12600 5432871 5221771 211100 211100
12610 5432871 5221771 211100 211100
12620 5432871 5221771 211100 211100
12630 5432871 5221771 211100 211100
12640 5432871 5221771 211100 211100
12650 5432871 5221771 211100 211100
12660 5432871 5221771 211100 211100
12670 5432871 5221771 211100 211100
12680 5432871 5221771 211100 211100
12690 5432871 5221771 211100 211100
12700 5432871 5221771 211100 211100
12710 5432871 5221771 211100 211100
12720 5432871 5221771 211100 211100
12730 5432871 5221771 211100 211100
12740 5432871 5221771 211100 211100
12750 5432871 5221771 211100 211100
12760 5432871 5221771 211100 211100
12770 5432871 5221771 211100 211100
12780 5432871 5221771 211100 211100
12790 5432871 5221771 211100 211100
12800 5432871 5221771 211100 211100
12810 5432871 5221771 211100 211100
12820 5432871 5221771 211100 211100
12830 5432871 5221771 211100 211100
12840 5432871 5221771 211100 211100
12850 5432871 5221771 211100 211100
12860 5432871 5221771 211100 211100
12870 5432871 5221771 211100 211100
12880 5432871 5221771 211100 211100
12890 5432871 5221771 211100 211100
12900 5432871 5221771 211100 211100
12910 5432871 5221771 211100 211100
12920 5432871 5221771 211100 211100
12930 5432871 5221771 211100 211100
12940 5432871 5221771 211100 211100
12950 5432871 5221771 211100 211100
12960 5432871 5221771 211100 211100
12970 5432871 5221771 211100 211100
12980 5432871 5221771 211100 211100
12990 5432871 5221771 211100 211100
13000 5432871 5221771 211100 211100
13010 5432871 5221771 211100 211100
13020 5432871 5221771 211100 211100
13030 5432871 5221771 211100 211100
13040 5432871 5221771 211100 211100
13050 5432871 5221771 211100 211100
13060 5432871 5221771 211100 211100
13070 5432871 5221771 211100 211100
13080 5432871 5221771 211100 211100
13090 5432871 5221771 211100 211100
13100 5432871 5221771 211100 211100
13110 5432871 5221771 211100 211100
13120 5432871 5221771 211100 211100
13130 5432871 5221771 211100 211100
13140 5432871 5221771 211100 211100
13150 5432871 5221771 211100 211100
13160 5432871 5221771 211100 211100
13170 5432871 5221771 211100 211100
13180 5432871 5221771 211100 211100
13190 5432871 5221771 211100 211100
13200 5432871 5221771 211100 211100
13210 5432871 5221771 211100 211100
13220 5432871 5221771 211100 211100
13230 5432871 5221771 211100 211100
13240 5432871 5221771 211100 211100
13250 5432871 5221771 211100 211100
13260 5432871 5221771 211100 211100
13270 5432871 5221771 211100 211100
13280 5432871 5221771 211100 211100
13290 5432871 5221771 211100 211100
13300 5432871 5221771 211100 211100
13310 5432871 5221771 211100 211100
13320 5432871 5221771 211100 211100
13330 5432871 5221771 211100 211100
13340 5432871 5221771 211100 211100
13350 5432871 5221771 211100 211100
13360 5432871 5221771 211100 211100
13370 5432871 5221771 211100 211100
13380 5432871 5221771 211100 211100
13390 5432871 5221771 211100 211100
13400 5432871 5221771 211100 211100
13410 5432871 5221771 211100 211100
13420 5432871 5221771 211100 211100
13430 5432871 5221771 211100 211100
13440 5432871 5221771 211100 211100
13450 5432871 5221771 211100 211100
13460 5432871 5221771 211100 211100
13470 5432871 5221771 211100 211100
13480 5432871 5221771 211100 211100
13490 5432871 5221771 211100 211100
13500 5432871 5221771 211100 211100
13510 5432871 5221771 211100 211100
13520 5432871 5221771 211100 211100
13530 5432871 5221771 211100 211100
13540 5432871 5221771 211100 211100
13550 5432871 5221771 211100 211100
13560 5432871 5221771 211100 211100
13570 5432871 5221771 211100 211100
13580 5432871 5221771 211100 211100
13590 5432871 5221771 211100 211100
13600 5432871 5221771 211100 211100
13610 5432871 5221771 211100 211100
13620 5432871 5221771 211100 211100
13630 5432871 5221771 211100 211100
13640 5432871 5221771 211100 211100
13650 5432871 5221771 211100 211100
13660 5432871 5221771 211100 211100
13670 5432871 5221771 211100 211100
13680 5432871 5221771 211100 211100
13690 5432871 5221771 211100 211100
13700 5432871 5221771 211100 211100
13710 5432871 5221771 211100 211100
13720 5432871 5221771 211100 211100
13730 5432871 5221771 211100 211100
13740 5432871 5221771 211100 211100
13750 5432871 5221771 211100 211100
13760 5432871 5221771 211100 211100
13770 5432871 5221771 211100 211100
13780 5432871 5221771 211100 211100
13790 5432871 5221771 211100 211100
13800 5432871 5221771 211100 211100
13810 5432871 5221771 211100 211100
13820 5432871 5221771 211100 211100
13830 5432871 5221771 211100 211100
13840 5432871 5221771 211100 211100
13850 5432871 5221771 211100 211100
13860 5432871 5221771 211100 211100
13870 5432871 5221771 211100 211100
13880 5432871 5221771 211100 211100
13890 5432871 5221771 211100 211100
13900 5432871 5221771 211100 211100
13910 5432871 5221771 211100 211100
13920 5432871 5221771 211100 211100
13930 5432871 5221771 211100 211100
13940 5432871 5221771 211100 211100
13950 5432871 5221771 211100 211100
13960 5432871 5221771 211100 211100
13970 5432871 5221771 211100 211100
13980 5432871 5221771 211100 211100
13990 5432871 5221771 211100 211100
14000 5432871 5221771 211100 211100
14010 5432871 5221771 211100 211100
14020 5432871 5221771 211100 211100
14030 5432871 5221771 211100 211100

