Optimal path [nodeId(time to the node):
17(0) -> 35(145) -> 19(129) -> 41(120) -> 98(125) -> 28(126) -> 60(141) -> 47(144) -> 99(152) -> 23(121) -> 30(138) -> 16(118) -> 54(125) -> 66(141) -> 45(139) -> 68(116) -> 92(133) -> 72(115) -> 13(126) -> 59(120) -> 77(136) -> 22(122) -> 51(136) -> 15(127) -> 87(126) -> 57(115) -> 14(137) -> 93(125) -> 73(124) -> 37(140) -> 32(135) -> 76(118) -> 6(132) -> 69(133) -> 91(132) -> 50(125) -> 31(142) -> 27(121) -> 5(122) -> 4(120) -> 21(113) -> 3(130) -> 62(125) -> 49(138) -> 96(131) -> 7(127) -> 56(128) -> 67(134) -> 65(134) -> 88(127) -> 36(141) -> 52(133) -> 53(132) -> 26(142) -> 81(113) -> 20(131) -> 39(132) -> 89(142) -> 83(134) -> 1(131) -> 46(131) -> 10(112) -> 40(129) -> 24(110) -> 55(121) -> 75(138) -> 64(119) -> 86(136) -> 9(125) -> 90(114) -> 0(143) -> 79(139) -> 63(115) -> 25(134) -> 8(130) -> 94(135) -> 80(122) -> 43(119) -> 78(122) -> 61(124) -> 42(130) -> 70(131) -> 58(124) -> 95(140) -> 71(146) -> 85(124) -> 97(121) -> 12(133) -> 82(129) -> 18(128) -> 74(133) -> 11(129) -> 2(134) -> 38(135) -> 84(120) -> 33(136) -> 29(135) -> 48(142) -> 34(153) -> 44(135)
Total time of delivery: 12836
The cost function value: 2411964

Statistics at the end of simulation: 
Residents: 5432871
Illness cases: 4811093 --> [88.55525927267553%]
Healthy residents: 621778 --> [11.444740727324467%]
Vaccinated residents621778 --> [11.444740727324467%]

Statistics of each node: 
id residentsNumber illnessCases healthyResidents vaccinated
17 27216 1 27215 27215
35 96767 5 96762 96762
19 87851 23 87828 87828
41 91808 94 91714 91714
98 93006 401 92605 92605
28 91749 1722 90027 90027
60 91794 8779 83015 83015
47 98952 46340 52612 52612
99 28053 28053 0 0
23 20873 20873 0 0
30 67192 67192 0 0
16 82700 82700 0 0
54 69376 69376 0 0
66 26230 26230 0 0
45 46217 46217 0 0
68 42462 42462 0 0
92 24523 24523 0 0
72 90063 90063 0 0
13 61304 61304 0 0
59 83546 83546 0 0
77 28452 28452 0 0
22 73621 73621 0 0
51 94699 94699 0 0
15 78003 78003 0 0
87 20655 20655 0 0
57 39724 39724 0 0
14 81887 81887 0 0
93 39916 39916 0 0
73 49077 49077 0 0
37 51694 51694 0 0
32 59165 59165 0 0
76 31382 31382 0 0
6 12672 12672 0 0
69 66112 66112 0 0
91 32862 32862 0 0
50 30829 30829 0 0
31 69146 69146 0 0
27 80174 80174 0 0
5 15364 15364 0 0
4 56018 56018 0 0
21 82806 82806 0 0
3 57882 57882 0 0
62 19500 19500 0 0
49 19584 19584 0 0
96 73344 73344 0 0
7 29243 29243 0 0
56 80108 80108 0 0
67 37842 37842 0 0
65 70610 70610 0 0
88 37474 37474 0 0
36 85682 85682 0 0
52 63153 63153 0 0
53 61988 61988 0 0
26 26605 26605 0 0
81 89526 89526 0 0
20 48774 48774 0 0
39 32804 32804 0 0
89 68284 68284 0 0
83 46841 46841 0 0
1 49456 49456 0 0
46 73816 73816 0 0
10 95932 95932 0 0
40 31222 31222 0 0
24 37355 37355 0 0
55 88344 88344 0 0
75 26017 26017 0 0
64 22353 22353 0 0
86 26732 26732 0 0
9 60305 60305 0 0
90 80008 80008 0 0
0 59902 59902 0 0
79 84379 84379 0 0
63 51706 51706 0 0
25 67586 67586 0 0
8 45160 45160 0 0
94 76894 76894 0 0
80 67722 67722 0 0
43 79446 79446 0 0
78 57716 57716 0 0
61 25643 25643 0 0
42 68898 68898 0 0
70 36163 36163 0 0
58 16081 16081 0 0
95 71066 71066 0 0
71 23666 23666 0 0
85 44972 44972 0 0
97 86845 86845 0 0
12 79926 79926 0 0
82 15231 15231 0 0
18 16978 16978 0 0
74 81649 81649 0 0
11 84816 84816 0 0
2 43074 43074 0 0
38 33030 33030 0 0
84 70627 70627 0 0
33 13135 13135 0 0
29 15814 15814 0 0
48 13555 13555 0 0
34 28894 28894 0 0
44 15573 15573 0 0

Statistics step by step: 
minute residentsNumber illnessCases healthyResidents vaccinated
0 5432871 100 5432771 27215
10 5432871 100 5432771 27215
20 5432871 100 5432771 27215
30 5432871 100 5432771 27215
40 5432871 100 5432771 27215
50 5432871 100 5432771 27215
60 5432871 199 5432672 27215
70 5432871 199 5432672 27215
80 5432871 199 5432672 27215
90 5432871 199 5432672 27215
100 5432871 298 5432573 27215
110 5432871 298 5432573 27215
120 5432871 397 5432474 27215
130 5432871 397 5432474 27215
140 5432871 496 5432375 27215
150 5432871 496 5432375 123977
160 5432871 594 5432277 123977
170 5432871 692 5432179 123977
180 5432871 790 5432081 123977
190 5432871 790 5432081 123977
200 5432871 986 5431885 123977
210 5432871 1084 5431787 123977
220 5432871 1182 5431689 123977
230 5432871 1378 5431493 123977
240 5432871 1574 5431297 123977
250 5432871 1672 5431199 123977
260 5432871 1966 5430905 123977
270 5432871 2162 5430709 123977
280 5432871 2454 5430417 211805
290 5432871 2745 5430126 211805
300 5432871 3133 5429738 211805
310 5432871 3424 5429447 211805
320 5432871 3909 5428962 211805
330 5432871 4394 5428477 211805
340 5432871 4879 5427992 211805
350 5432871 5558 5427313 211805
360 5432871 6237 5426634 211805
370 5432871 6916 5425955 211805
380 5432871 7789 5425082 211805
390 5432871 8759 5424112 211805
400 5432871 9819 5423052 303519
410 5432871 11067 5421804 303519
420 5432871 12411 5420460 303519
430 5432871 13851 5419020 303519
440 5432871 15579 5417292 303519
450 5432871 17499 5415372 303519
460 5432871 19611 5413260 303519
470 5432871 22011 5410860 303519
480 5432871 24699 5408172 303519
490 5432871 27675 5405196 303519
500 5432871 31035 5401836 303519
510 5432871 34875 5397996 303519
520 5432871 39094 5393777 396124
530 5432871 43844 5389027 396124
540 5432871 49164 5383707 396124
550 5432871 55054 5377817 396124
560 5432871 61799 5371072 396124
570 5432871 69304 5363567 396124
580 5432871 77664 5355207 396124
590 5432871 87164 5345707 396124
600 5432871 97804 5335067 396124
610 5432871 109679 5323192 396124
620 5432871 123074 5309797 396124
630 5432871 138084 5294787 396124
640 5432871 154899 5277972 396124
650 5432871 173702 5259169 486151
660 5432871 194758 5238113 486151
670 5432871 218258 5214613 486151
680 5432871 244766 5188105 486151
690 5432871 274470 5158401 486151
700 5432871 307746 5125125 486151
710 5432871 345252 5087619 486151
720 5432871 387270 5045601 486151
730 5432871 434364 4998507 486151
740 5432871 487286 4945585 486151
750 5432871 546694 4886177 486151
760 5432871 613340 4819531 486151
770 5432871 688258 4744613 486151
780 5432871 772294 4660577 486151
790 5432871 866160 4566711 569166
800 5432871 970878 4461993 569166
810 5432871 1088430 4344441 569166
820 5432871 1219973 4212898 569166
830 5432871 1364027 4068844 569166
840 5432871 1521090 3911781 569166
850 5432871 1690188 3742683 569166
860 5432871 1877156 3555715 569166
870 5432871 2078823 3354048 569166
880 5432871 2298757 3134114 569166
890 5432871 2527456 2905415 569166
900 5432871 2765804 2667067 569166
910 5432871 3014323 2418548 569166
920 5432871 3275014 2157857 569166
930 5432871 3548279 1884592 621778
940 5432871 3817487 1615384 621778
950 5432871 4094228 1338643 621778
960 5432871 4360020 1072851 621778
970 5432871 4588126 844745 621778
980 5432871 4752595 680276 621778
990 5432871 4805824 627047 621778
1000 5432871 4811093 621778 621778
1010 5432871 4811093 621778 621778
1020 5432871 4811093 621778 621778
1030 5432871 4811093 621778 621778
1040 5432871 4811093 621778 621778
1050 5432871 4811093 621778 621778
1060 5432871 4811093 621778 621778
1070 5432871 4811093 621778 621778
1080 5432871 4811093 621778 621778
1090 5432871 4811093 621778 621778
1100 5432871 4811093 621778 621778
1110 5432871 4811093 621778 621778
1120 5432871 4811093 621778 621778
1130 5432871 4811093 621778 621778
1140 5432871 4811093 621778 621778
1150 5432871 4811093 621778 621778
1160 5432871 4811093 621778 621778
1170 5432871 4811093 621778 621778
1180 5432871 4811093 621778 621778
1190 5432871 4811093 621778 621778
1200 5432871 4811093 621778 621778
1210 5432871 4811093 621778 621778
1220 5432871 4811093 621778 621778
1230 5432871 4811093 621778 621778
1240 5432871 4811093 621778 621778
1250 5432871 4811093 621778 621778
1260 5432871 4811093 621778 621778
1270 5432871 4811093 621778 621778
1280 5432871 4811093 621778 621778
1290 5432871 4811093 621778 621778
1300 5432871 4811093 621778 621778
1310 5432871 4811093 621778 621778
1320 5432871 4811093 621778 621778
1330 5432871 4811093 621778 621778
1340 5432871 4811093 621778 621778
1350 5432871 4811093 621778 621778
1360 5432871 4811093 621778 621778
1370 5432871 4811093 621778 621778
1380 5432871 4811093 621778 621778
1390 5432871 4811093 621778 621778
1400 5432871 4811093 621778 621778
1410 5432871 4811093 621778 621778
1420 5432871 4811093 621778 621778
1430 5432871 4811093 621778 621778
1440 5432871 4811093 621778 621778
1450 5432871 4811093 621778 621778
1460 5432871 4811093 621778 621778
1470 5432871 4811093 621778 621778
1480 5432871 4811093 621778 621778
1490 5432871 4811093 621778 621778
1500 5432871 4811093 621778 621778
1510 5432871 4811093 621778 621778
1520 5432871 4811093 621778 621778
1530 5432871 4811093 621778 621778
1540 5432871 4811093 621778 621778
1550 5432871 4811093 621778 621778
1560 5432871 4811093 621778 621778
1570 5432871 4811093 621778 621778
1580 5432871 4811093 621778 621778
1590 5432871 4811093 621778 621778
1600 5432871 4811093 621778 621778
1610 5432871 4811093 621778 621778
1620 5432871 4811093 621778 621778
1630 5432871 4811093 621778 621778
1640 5432871 4811093 621778 621778
1650 5432871 4811093 621778 621778
1660 5432871 4811093 621778 621778
1670 5432871 4811093 621778 621778
1680 5432871 4811093 621778 621778
1690 5432871 4811093 621778 621778
1700 5432871 4811093 621778 621778
1710 5432871 4811093 621778 621778
1720 5432871 4811093 621778 621778
1730 5432871 4811093 621778 621778
1740 5432871 4811093 621778 621778
1750 5432871 4811093 621778 621778
1760 5432871 4811093 621778 621778
1770 5432871 4811093 621778 621778
1780 5432871 4811093 621778 621778
1790 5432871 4811093 621778 621778
1800 5432871 4811093 621778 621778
1810 5432871 4811093 621778 621778
1820 5432871 4811093 621778 621778
1830 5432871 4811093 621778 621778
1840 5432871 4811093 621778 621778
1850 5432871 4811093 621778 621778
1860 5432871 4811093 621778 621778
1870 5432871 4811093 621778 621778
1880 5432871 4811093 621778 621778
1890 5432871 4811093 621778 621778
1900 5432871 4811093 621778 621778
1910 5432871 4811093 621778 621778
1920 5432871 4811093 621778 621778
1930 5432871 4811093 621778 621778
1940 5432871 4811093 621778 621778
1950 5432871 4811093 621778 621778
1960 5432871 4811093 621778 621778
1970 5432871 4811093 621778 621778
1980 5432871 4811093 621778 621778
1990 5432871 4811093 621778 621778
2000 5432871 4811093 621778 621778
2010 5432871 4811093 621778 621778
2020 5432871 4811093 621778 621778
2030 5432871 4811093 621778 621778
2040 5432871 4811093 621778 621778
2050 5432871 4811093 621778 621778
2060 5432871 4811093 621778 621778
2070 5432871 4811093 621778 621778
2080 5432871 4811093 621778 621778
2090 5432871 4811093 621778 621778
2100 5432871 4811093 621778 621778
2110 5432871 4811093 621778 621778
2120 5432871 4811093 621778 621778
2130 5432871 4811093 621778 621778
2140 5432871 4811093 621778 621778
2150 5432871 4811093 621778 621778
2160 5432871 4811093 621778 621778
2170 5432871 4811093 621778 621778
2180 5432871 4811093 621778 621778
2190 5432871 4811093 621778 621778
2200 5432871 4811093 621778 621778
2210 5432871 4811093 621778 621778
2220 5432871 4811093 621778 621778
2230 5432871 4811093 621778 621778
2240 5432871 4811093 621778 621778
2250 5432871 4811093 621778 621778
2260 5432871 4811093 621778 621778
2270 5432871 4811093 621778 621778
2280 5432871 4811093 621778 621778
2290 5432871 4811093 621778 621778
2300 5432871 4811093 621778 621778
2310 5432871 4811093 621778 621778
2320 5432871 4811093 621778 621778
2330 5432871 4811093 621778 621778
2340 5432871 4811093 621778 621778
2350 5432871 4811093 621778 621778
2360 5432871 4811093 621778 621778
2370 5432871 4811093 621778 621778
2380 5432871 4811093 621778 621778
2390 5432871 4811093 621778 621778
2400 5432871 4811093 621778 621778
2410 5432871 4811093 621778 621778
2420 5432871 4811093 621778 621778
2430 5432871 4811093 621778 621778
2440 5432871 4811093 621778 621778
2450 5432871 4811093 621778 621778
2460 5432871 4811093 621778 621778
2470 5432871 4811093 621778 621778
2480 5432871 4811093 621778 621778
2490 5432871 4811093 621778 621778
2500 5432871 4811093 621778 621778
2510 5432871 4811093 621778 621778
2520 5432871 4811093 621778 621778
2530 5432871 4811093 621778 621778
2540 5432871 4811093 621778 621778
2550 5432871 4811093 621778 621778
2560 5432871 4811093 621778 621778
2570 5432871 4811093 621778 621778
2580 5432871 4811093 621778 621778
2590 5432871 4811093 621778 621778
2600 5432871 4811093 621778 621778
2610 5432871 4811093 621778 621778
2620 5432871 4811093 621778 621778
2630 5432871 4811093 621778 621778
2640 5432871 4811093 621778 621778
2650 5432871 4811093 621778 621778
2660 5432871 4811093 621778 621778
2670 5432871 4811093 621778 621778
2680 5432871 4811093 621778 621778
2690 5432871 4811093 621778 621778
2700 5432871 4811093 621778 621778
2710 5432871 4811093 621778 621778
2720 5432871 4811093 621778 621778
2730 5432871 4811093 621778 621778
2740 5432871 4811093 621778 621778
2750 5432871 4811093 621778 621778
2760 5432871 4811093 621778 621778
2770 5432871 4811093 621778 621778
2780 5432871 4811093 621778 621778
2790 5432871 4811093 621778 621778
2800 5432871 4811093 621778 621778
2810 5432871 4811093 621778 621778
2820 5432871 4811093 621778 621778
2830 5432871 4811093 621778 621778
2840 5432871 4811093 621778 621778
2850 5432871 4811093 621778 621778
2860 5432871 4811093 621778 621778
2870 5432871 4811093 621778 621778
2880 5432871 4811093 621778 621778
2890 5432871 4811093 621778 621778
2900 5432871 4811093 621778 621778
2910 5432871 4811093 621778 621778
2920 5432871 4811093 621778 621778
2930 5432871 4811093 621778 621778
2940 5432871 4811093 621778 621778
2950 5432871 4811093 621778 621778
2960 5432871 4811093 621778 621778
2970 5432871 4811093 621778 621778
2980 5432871 4811093 621778 621778
2990 5432871 4811093 621778 621778
3000 5432871 4811093 621778 621778
3010 5432871 4811093 621778 621778
3020 5432871 4811093 621778 621778
3030 5432871 4811093 621778 621778
3040 5432871 4811093 621778 621778
3050 5432871 4811093 621778 621778
3060 5432871 4811093 621778 621778
3070 5432871 4811093 621778 621778
3080 5432871 4811093 621778 621778
3090 5432871 4811093 621778 621778
3100 5432871 4811093 621778 621778
3110 5432871 4811093 621778 621778
3120 5432871 4811093 621778 621778
3130 5432871 4811093 621778 621778
3140 5432871 4811093 621778 621778
3150 5432871 4811093 621778 621778
3160 5432871 4811093 621778 621778
3170 5432871 4811093 621778 621778
3180 5432871 4811093 621778 621778
3190 5432871 4811093 621778 621778
3200 5432871 4811093 621778 621778
3210 5432871 4811093 621778 621778
3220 5432871 4811093 621778 621778
3230 5432871 4811093 621778 621778
3240 5432871 4811093 621778 621778
3250 5432871 4811093 621778 621778
3260 5432871 4811093 621778 621778
3270 5432871 4811093 621778 621778
3280 5432871 4811093 621778 621778
3290 5432871 4811093 621778 621778
3300 5432871 4811093 621778 621778
3310 5432871 4811093 621778 621778
3320 5432871 4811093 621778 621778
3330 5432871 4811093 621778 621778
3340 5432871 4811093 621778 621778
3350 5432871 4811093 621778 621778
3360 5432871 4811093 621778 621778
3370 5432871 4811093 621778 621778
3380 5432871 4811093 621778 621778
3390 5432871 4811093 621778 621778
3400 5432871 4811093 621778 621778
3410 5432871 4811093 621778 621778
3420 5432871 4811093 621778 621778
3430 5432871 4811093 621778 621778
3440 5432871 4811093 621778 621778
3450 5432871 4811093 621778 621778
3460 5432871 4811093 621778 621778
3470 5432871 4811093 621778 621778
3480 5432871 4811093 621778 621778
3490 5432871 4811093 621778 621778
3500 5432871 4811093 621778 621778
3510 5432871 4811093 621778 621778
3520 5432871 4811093 621778 621778
3530 5432871 4811093 621778 621778
3540 5432871 4811093 621778 621778
3550 5432871 4811093 621778 621778
3560 5432871 4811093 621778 621778
3570 5432871 4811093 621778 621778
3580 5432871 4811093 621778 621778
3590 5432871 4811093 621778 621778
3600 5432871 4811093 621778 621778
3610 5432871 4811093 621778 621778
3620 5432871 4811093 621778 621778
3630 5432871 4811093 621778 621778
3640 5432871 4811093 621778 621778
3650 5432871 4811093 621778 621778
3660 5432871 4811093 621778 621778
3670 5432871 4811093 621778 621778
3680 5432871 4811093 621778 621778
3690 5432871 4811093 621778 621778
3700 5432871 4811093 621778 621778
3710 5432871 4811093 621778 621778
3720 5432871 4811093 621778 621778
3730 5432871 4811093 621778 621778
3740 5432871 4811093 621778 621778
3750 5432871 4811093 621778 621778
3760 5432871 4811093 621778 621778
3770 5432871 4811093 621778 621778
3780 5432871 4811093 621778 621778
3790 5432871 4811093 621778 621778
3800 5432871 4811093 621778 621778
3810 5432871 4811093 621778 621778
3820 5432871 4811093 621778 621778
3830 5432871 4811093 621778 621778
3840 5432871 4811093 621778 621778
3850 5432871 4811093 621778 621778
3860 5432871 4811093 621778 621778
3870 5432871 4811093 621778 621778
3880 5432871 4811093 621778 621778
3890 5432871 4811093 621778 621778
3900 5432871 4811093 621778 621778
3910 5432871 4811093 621778 621778
3920 5432871 4811093 621778 621778
3930 5432871 4811093 621778 621778
3940 5432871 4811093 621778 621778
3950 5432871 4811093 621778 621778
3960 5432871 4811093 621778 621778
3970 5432871 4811093 621778 621778
3980 5432871 4811093 621778 621778
3990 5432871 4811093 621778 621778
4000 5432871 4811093 621778 621778
4010 5432871 4811093 621778 621778
4020 5432871 4811093 621778 621778
4030 5432871 4811093 621778 621778
4040 5432871 4811093 621778 621778
4050 5432871 4811093 621778 621778
4060 5432871 4811093 621778 621778
4070 5432871 4811093 621778 621778
4080 5432871 4811093 621778 621778
4090 5432871 4811093 621778 621778
4100 5432871 4811093 621778 621778
4110 5432871 4811093 621778 621778
4120 5432871 4811093 621778 621778
4130 5432871 4811093 621778 621778
4140 5432871 4811093 621778 621778
4150 5432871 4811093 621778 621778
4160 5432871 4811093 621778 621778
4170 5432871 4811093 621778 621778
4180 5432871 4811093 621778 621778
4190 5432871 4811093 621778 621778
4200 5432871 4811093 621778 621778
4210 5432871 4811093 621778 621778
4220 5432871 4811093 621778 621778
4230 5432871 4811093 621778 621778
4240 5432871 4811093 621778 621778
4250 5432871 4811093 621778 621778
4260 5432871 4811093 621778 621778
4270 5432871 4811093 621778 621778
4280 5432871 4811093 621778 621778
4290 5432871 4811093 621778 621778
4300 5432871 4811093 621778 621778
4310 5432871 4811093 621778 621778
4320 5432871 4811093 621778 621778
4330 5432871 4811093 621778 621778
4340 5432871 4811093 621778 621778
4350 5432871 4811093 621778 621778
4360 5432871 4811093 621778 621778
4370 5432871 4811093 621778 621778
4380 5432871 4811093 621778 621778
4390 5432871 4811093 621778 621778
4400 5432871 4811093 621778 621778
4410 5432871 4811093 621778 621778
4420 5432871 4811093 621778 621778
4430 5432871 4811093 621778 621778
4440 5432871 4811093 621778 621778
4450 5432871 4811093 621778 621778
4460 5432871 4811093 621778 621778
4470 5432871 4811093 621778 621778
4480 5432871 4811093 621778 621778
4490 5432871 4811093 621778 621778
4500 5432871 4811093 621778 621778
4510 5432871 4811093 621778 621778
4520 5432871 4811093 621778 621778
4530 5432871 4811093 621778 621778
4540 5432871 4811093 621778 621778
4550 5432871 4811093 621778 621778
4560 5432871 4811093 621778 621778
4570 5432871 4811093 621778 621778
4580 5432871 4811093 621778 621778
4590 5432871 4811093 621778 621778
4600 5432871 4811093 621778 621778
4610 5432871 4811093 621778 621778
4620 5432871 4811093 621778 621778
4630 5432871 4811093 621778 621778
4640 5432871 4811093 621778 621778
4650 5432871 4811093 621778 621778
4660 5432871 4811093 621778 621778
4670 5432871 4811093 621778 621778
4680 5432871 4811093 621778 621778
4690 5432871 4811093 621778 621778
4700 5432871 4811093 621778 621778
4710 5432871 4811093 621778 621778
4720 5432871 4811093 621778 621778
4730 5432871 4811093 621778 621778
4740 5432871 4811093 621778 621778
4750 5432871 4811093 621778 621778
4760 5432871 4811093 621778 621778
4770 5432871 4811093 621778 621778
4780 5432871 4811093 621778 621778
4790 5432871 4811093 621778 621778
4800 5432871 4811093 621778 621778
4810 5432871 4811093 621778 621778
4820 5432871 4811093 621778 621778
4830 5432871 4811093 621778 621778
4840 5432871 4811093 621778 621778
4850 5432871 4811093 621778 621778
4860 5432871 4811093 621778 621778
4870 5432871 4811093 621778 621778
4880 5432871 4811093 621778 621778
4890 5432871 4811093 621778 621778
4900 5432871 4811093 621778 621778
4910 5432871 4811093 621778 621778
4920 5432871 4811093 621778 621778
4930 5432871 4811093 621778 621778
4940 5432871 4811093 621778 621778
4950 5432871 4811093 621778 621778
4960 5432871 4811093 621778 621778
4970 5432871 4811093 621778 621778
4980 5432871 4811093 621778 621778
4990 5432871 4811093 621778 621778
5000 5432871 4811093 621778 621778
5010 5432871 4811093 621778 621778
5020 5432871 4811093 621778 621778
5030 5432871 4811093 621778 621778
5040 5432871 4811093 621778 621778
5050 5432871 4811093 621778 621778
5060 5432871 4811093 621778 621778
5070 5432871 4811093 621778 621778
5080 5432871 4811093 621778 621778
5090 5432871 4811093 621778 621778
5100 5432871 4811093 621778 621778
5110 5432871 4811093 621778 621778
5120 5432871 4811093 621778 621778
5130 5432871 4811093 621778 621778
5140 5432871 4811093 621778 621778
5150 5432871 4811093 621778 621778
5160 5432871 4811093 621778 621778
5170 5432871 4811093 621778 621778
5180 5432871 4811093 621778 621778
5190 5432871 4811093 621778 621778
5200 5432871 4811093 621778 621778
5210 5432871 4811093 621778 621778
5220 5432871 4811093 621778 621778
5230 5432871 4811093 621778 621778
5240 5432871 4811093 621778 621778
5250 5432871 4811093 621778 621778
5260 5432871 4811093 621778 621778
5270 5432871 4811093 621778 621778
5280 5432871 4811093 621778 621778
5290 5432871 4811093 621778 621778
5300 5432871 4811093 621778 621778
5310 5432871 4811093 621778 621778
5320 5432871 4811093 621778 621778
5330 5432871 4811093 621778 621778
5340 5432871 4811093 621778 621778
5350 5432871 4811093 621778 621778
5360 5432871 4811093 621778 621778
5370 5432871 4811093 621778 621778
5380 5432871 4811093 621778 621778
5390 5432871 4811093 621778 621778
5400 5432871 4811093 621778 621778
5410 5432871 4811093 621778 621778
5420 5432871 4811093 621778 621778
5430 5432871 4811093 621778 621778
5440 5432871 4811093 621778 621778
5450 5432871 4811093 621778 621778
5460 5432871 4811093 621778 621778
5470 5432871 4811093 621778 621778
5480 5432871 4811093 621778 621778
5490 5432871 4811093 621778 621778
5500 5432871 4811093 621778 621778
5510 5432871 4811093 621778 621778
5520 5432871 4811093 621778 621778
5530 5432871 4811093 621778 621778
5540 5432871 4811093 621778 621778
5550 5432871 4811093 621778 621778
5560 5432871 4811093 621778 621778
5570 5432871 4811093 621778 621778
5580 5432871 4811093 621778 621778
5590 5432871 4811093 621778 621778
5600 5432871 4811093 621778 621778
5610 5432871 4811093 621778 621778
5620 5432871 4811093 621778 621778
5630 5432871 4811093 621778 621778
5640 5432871 4811093 621778 621778
5650 5432871 4811093 621778 621778
5660 5432871 4811093 621778 621778
5670 5432871 4811093 621778 621778
5680 5432871 4811093 621778 621778
5690 5432871 4811093 621778 621778
5700 5432871 4811093 621778 621778
5710 5432871 4811093 621778 621778
5720 5432871 4811093 621778 621778
5730 5432871 4811093 621778 621778
5740 5432871 4811093 621778 621778
5750 5432871 4811093 621778 621778
5760 5432871 4811093 621778 621778
5770 5432871 4811093 621778 621778
5780 5432871 4811093 621778 621778
5790 5432871 4811093 621778 621778
5800 5432871 4811093 621778 621778
5810 5432871 4811093 621778 621778
5820 5432871 4811093 621778 621778
5830 5432871 4811093 621778 621778
5840 5432871 4811093 621778 621778
5850 5432871 4811093 621778 621778
5860 5432871 4811093 621778 621778
5870 5432871 4811093 621778 621778
5880 5432871 4811093 621778 621778
5890 5432871 4811093 621778 621778
5900 5432871 4811093 621778 621778
5910 5432871 4811093 621778 621778
5920 5432871 4811093 621778 621778
5930 5432871 4811093 621778 621778
5940 5432871 4811093 621778 621778
5950 5432871 4811093 621778 621778
5960 5432871 4811093 621778 621778
5970 5432871 4811093 621778 621778
5980 5432871 4811093 621778 621778
5990 5432871 4811093 621778 621778
6000 5432871 4811093 621778 621778
6010 5432871 4811093 621778 621778
6020 5432871 4811093 621778 621778
6030 5432871 4811093 621778 621778
6040 5432871 4811093 621778 621778
6050 5432871 4811093 621778 621778
6060 5432871 4811093 621778 621778
6070 5432871 4811093 621778 621778
6080 5432871 4811093 621778 621778
6090 5432871 4811093 621778 621778
6100 5432871 4811093 621778 621778
6110 5432871 4811093 621778 621778
6120 5432871 4811093 621778 621778
6130 5432871 4811093 621778 621778
6140 5432871 4811093 621778 621778
6150 5432871 4811093 621778 621778
6160 5432871 4811093 621778 621778
6170 5432871 4811093 621778 621778
6180 5432871 4811093 621778 621778
6190 5432871 4811093 621778 621778
6200 5432871 4811093 621778 621778
6210 5432871 4811093 621778 621778
6220 5432871 4811093 621778 621778
6230 5432871 4811093 621778 621778
6240 5432871 4811093 621778 621778
6250 5432871 4811093 621778 621778
6260 5432871 4811093 621778 621778
6270 5432871 4811093 621778 621778
6280 5432871 4811093 621778 621778
6290 5432871 4811093 621778 621778
6300 5432871 4811093 621778 621778
6310 5432871 4811093 621778 621778
6320 5432871 4811093 621778 621778
6330 5432871 4811093 621778 621778
6340 5432871 4811093 621778 621778
6350 5432871 4811093 621778 621778
6360 5432871 4811093 621778 621778
6370 5432871 4811093 621778 621778
6380 5432871 4811093 621778 621778
6390 5432871 4811093 621778 621778
6400 5432871 4811093 621778 621778
6410 5432871 4811093 621778 621778
6420 5432871 4811093 621778 621778
6430 5432871 4811093 621778 621778
6440 5432871 4811093 621778 621778
6450 5432871 4811093 621778 621778
6460 5432871 4811093 621778 621778
6470 5432871 4811093 621778 621778
6480 5432871 4811093 621778 621778
6490 5432871 4811093 621778 621778
6500 5432871 4811093 621778 621778
6510 5432871 4811093 621778 621778
6520 5432871 4811093 621778 621778
6530 5432871 4811093 621778 621778
6540 5432871 4811093 621778 621778
6550 5432871 4811093 621778 621778
6560 5432871 4811093 621778 621778
6570 5432871 4811093 621778 621778
6580 5432871 4811093 621778 621778
6590 5432871 4811093 621778 621778
6600 5432871 4811093 621778 621778
6610 5432871 4811093 621778 621778
6620 5432871 4811093 621778 621778
6630 5432871 4811093 621778 621778
6640 5432871 4811093 621778 621778
6650 5432871 4811093 621778 621778
6660 5432871 4811093 621778 621778
6670 5432871 4811093 621778 621778
6680 5432871 4811093 621778 621778
6690 5432871 4811093 621778 621778
6700 5432871 4811093 621778 621778
6710 5432871 4811093 621778 621778
6720 5432871 4811093 621778 621778
6730 5432871 4811093 621778 621778
6740 5432871 4811093 621778 621778
6750 5432871 4811093 621778 621778
6760 5432871 4811093 621778 621778
6770 5432871 4811093 621778 621778
6780 5432871 4811093 621778 621778
6790 5432871 4811093 621778 621778
6800 5432871 4811093 621778 621778
6810 5432871 4811093 621778 621778
6820 5432871 4811093 621778 621778
6830 5432871 4811093 621778 621778
6840 5432871 4811093 621778 621778
6850 5432871 4811093 621778 621778
6860 5432871 4811093 621778 621778
6870 5432871 4811093 621778 621778
6880 5432871 4811093 621778 621778
6890 5432871 4811093 621778 621778
6900 5432871 4811093 621778 621778
6910 5432871 4811093 621778 621778
6920 5432871 4811093 621778 621778
6930 5432871 4811093 621778 621778
6940 5432871 4811093 621778 621778
6950 5432871 4811093 621778 621778
6960 5432871 4811093 621778 621778
6970 5432871 4811093 621778 621778
6980 5432871 4811093 621778 621778
6990 5432871 4811093 621778 621778
7000 5432871 4811093 621778 621778
7010 5432871 4811093 621778 621778
7020 5432871 4811093 621778 621778
7030 5432871 4811093 621778 621778
7040 5432871 4811093 621778 621778
7050 5432871 4811093 621778 621778
7060 5432871 4811093 621778 621778
7070 5432871 4811093 621778 621778
7080 5432871 4811093 621778 621778
7090 5432871 4811093 621778 621778
7100 5432871 4811093 621778 621778
7110 5432871 4811093 621778 621778
7120 5432871 4811093 621778 621778
7130 5432871 4811093 621778 621778
7140 5432871 4811093 621778 621778
7150 5432871 4811093 621778 621778
7160 5432871 4811093 621778 621778
7170 5432871 4811093 621778 621778
7180 5432871 4811093 621778 621778
7190 5432871 4811093 621778 621778
7200 5432871 4811093 621778 621778
7210 5432871 4811093 621778 621778
7220 5432871 4811093 621778 621778
7230 5432871 4811093 621778 621778
7240 5432871 4811093 621778 621778
7250 5432871 4811093 621778 621778
7260 5432871 4811093 621778 621778
7270 5432871 4811093 621778 621778
7280 5432871 4811093 621778 621778
7290 5432871 4811093 621778 621778
7300 5432871 4811093 621778 621778
7310 5432871 4811093 621778 621778
7320 5432871 4811093 621778 621778
7330 5432871 4811093 621778 621778
7340 5432871 4811093 621778 621778
7350 5432871 4811093 621778 621778
7360 5432871 4811093 621778 621778
7370 5432871 4811093 621778 621778
7380 5432871 4811093 621778 621778
7390 5432871 4811093 621778 621778
7400 5432871 4811093 621778 621778
7410 5432871 4811093 621778 621778
7420 5432871 4811093 621778 621778
7430 5432871 4811093 621778 621778
7440 5432871 4811093 621778 621778
7450 5432871 4811093 621778 621778
7460 5432871 4811093 621778 621778
7470 5432871 4811093 621778 621778
7480 5432871 4811093 621778 621778
7490 5432871 4811093 621778 621778
7500 5432871 4811093 621778 621778
7510 5432871 4811093 621778 621778
7520 5432871 4811093 621778 621778
7530 5432871 4811093 621778 621778
7540 5432871 4811093 621778 621778
7550 5432871 4811093 621778 621778
7560 5432871 4811093 621778 621778
7570 5432871 4811093 621778 621778
7580 5432871 4811093 621778 621778
7590 5432871 4811093 621778 621778
7600 5432871 4811093 621778 621778
7610 5432871 4811093 621778 621778
7620 5432871 4811093 621778 621778
7630 5432871 4811093 621778 621778
7640 5432871 4811093 621778 621778
7650 5432871 4811093 621778 621778
7660 5432871 4811093 621778 621778
7670 5432871 4811093 621778 621778
7680 5432871 4811093 621778 621778
7690 5432871 4811093 621778 621778
7700 5432871 4811093 621778 621778
7710 5432871 4811093 621778 621778
7720 5432871 4811093 621778 621778
7730 5432871 4811093 621778 621778
7740 5432871 4811093 621778 621778
7750 5432871 4811093 621778 621778
7760 5432871 4811093 621778 621778
7770 5432871 4811093 621778 621778
7780 5432871 4811093 621778 621778
7790 5432871 4811093 621778 621778
7800 5432871 4811093 621778 621778
7810 5432871 4811093 621778 621778
7820 5432871 4811093 621778 621778
7830 5432871 4811093 621778 621778
7840 5432871 4811093 621778 621778
7850 5432871 4811093 621778 621778
7860 5432871 4811093 621778 621778
7870 5432871 4811093 621778 621778
7880 5432871 4811093 621778 621778
7890 5432871 4811093 621778 621778
7900 5432871 4811093 621778 621778
7910 5432871 4811093 621778 621778
7920 5432871 4811093 621778 621778
7930 5432871 4811093 621778 621778
7940 5432871 4811093 621778 621778
7950 5432871 4811093 621778 621778
7960 5432871 4811093 621778 621778
7970 5432871 4811093 621778 621778
7980 5432871 4811093 621778 621778
7990 5432871 4811093 621778 621778
8000 5432871 4811093 621778 621778
8010 5432871 4811093 621778 621778
8020 5432871 4811093 621778 621778
8030 5432871 4811093 621778 621778
8040 5432871 4811093 621778 621778
8050 5432871 4811093 621778 621778
8060 5432871 4811093 621778 621778
8070 5432871 4811093 621778 621778
8080 5432871 4811093 621778 621778
8090 5432871 4811093 621778 621778
8100 5432871 4811093 621778 621778
8110 5432871 4811093 621778 621778
8120 5432871 4811093 621778 621778
8130 5432871 4811093 621778 621778
8140 5432871 4811093 621778 621778
8150 5432871 4811093 621778 621778
8160 5432871 4811093 621778 621778
8170 5432871 4811093 621778 621778
8180 5432871 4811093 621778 621778
8190 5432871 4811093 621778 621778
8200 5432871 4811093 621778 621778
8210 5432871 4811093 621778 621778
8220 5432871 4811093 621778 621778
8230 5432871 4811093 621778 621778
8240 5432871 4811093 621778 621778
8250 5432871 4811093 621778 621778
8260 5432871 4811093 621778 621778
8270 5432871 4811093 621778 621778
8280 5432871 4811093 621778 621778
8290 5432871 4811093 621778 621778
8300 5432871 4811093 621778 621778
8310 5432871 4811093 621778 621778
8320 5432871 4811093 621778 621778
8330 5432871 4811093 621778 621778
8340 5432871 4811093 621778 621778
8350 5432871 4811093 621778 621778
8360 5432871 4811093 621778 621778
8370 5432871 4811093 621778 621778
8380 5432871 4811093 621778 621778
8390 5432871 4811093 621778 621778
8400 5432871 4811093 621778 621778
8410 5432871 4811093 621778 621778
8420 5432871 4811093 621778 621778
8430 5432871 4811093 621778 621778
8440 5432871 4811093 621778 621778
8450 5432871 4811093 621778 621778
8460 5432871 4811093 621778 621778
8470 5432871 4811093 621778 621778
8480 5432871 4811093 621778 621778
8490 5432871 4811093 621778 621778
8500 5432871 4811093 621778 621778
8510 5432871 4811093 621778 621778
8520 5432871 4811093 621778 621778
8530 5432871 4811093 621778 621778
8540 5432871 4811093 621778 621778
8550 5432871 4811093 621778 621778
8560 5432871 4811093 621778 621778
8570 5432871 4811093 621778 621778
8580 5432871 4811093 621778 621778
8590 5432871 4811093 621778 621778
8600 5432871 4811093 621778 621778
8610 5432871 4811093 621778 621778
8620 5432871 4811093 621778 621778
8630 5432871 4811093 621778 621778
8640 5432871 4811093 621778 621778
8650 5432871 4811093 621778 621778
8660 5432871 4811093 621778 621778
8670 5432871 4811093 621778 621778
8680 5432871 4811093 621778 621778
8690 5432871 4811093 621778 621778
8700 5432871 4811093 621778 621778
8710 5432871 4811093 621778 621778
8720 5432871 4811093 621778 621778
8730 5432871 4811093 621778 621778
8740 5432871 4811093 621778 621778
8750 5432871 4811093 621778 621778
8760 5432871 4811093 621778 621778
8770 5432871 4811093 621778 621778
8780 5432871 4811093 621778 621778
8790 5432871 4811093 621778 621778
8800 5432871 4811093 621778 621778
8810 5432871 4811093 621778 621778
8820 5432871 4811093 621778 621778
8830 5432871 4811093 621778 621778
8840 5432871 4811093 621778 621778
8850 5432871 4811093 621778 621778
8860 5432871 4811093 621778 621778
8870 5432871 4811093 621778 621778
8880 5432871 4811093 621778 621778
8890 5432871 4811093 621778 621778
8900 5432871 4811093 621778 621778
8910 5432871 4811093 621778 621778
8920 5432871 4811093 621778 621778
8930 5432871 4811093 621778 621778
8940 5432871 4811093 621778 621778
8950 5432871 4811093 621778 621778
8960 5432871 4811093 621778 621778
8970 5432871 4811093 621778 621778
8980 5432871 4811093 621778 621778
8990 5432871 4811093 621778 621778
9000 5432871 4811093 621778 621778
9010 5432871 4811093 621778 621778
9020 5432871 4811093 621778 621778
9030 5432871 4811093 621778 621778
9040 5432871 4811093 621778 621778
9050 5432871 4811093 621778 621778
9060 5432871 4811093 621778 621778
9070 5432871 4811093 621778 621778
9080 5432871 4811093 621778 621778
9090 5432871 4811093 621778 621778
9100 5432871 4811093 621778 621778
9110 5432871 4811093 621778 621778
9120 5432871 4811093 621778 621778
9130 5432871 4811093 621778 621778
9140 5432871 4811093 621778 621778
9150 5432871 4811093 621778 621778
9160 5432871 4811093 621778 621778
9170 5432871 4811093 621778 621778
9180 5432871 4811093 621778 621778
9190 5432871 4811093 621778 621778
9200 5432871 4811093 621778 621778
9210 5432871 4811093 621778 621778
9220 5432871 4811093 621778 621778
9230 5432871 4811093 621778 621778
9240 5432871 4811093 621778 621778
9250 5432871 4811093 621778 621778
9260 5432871 4811093 621778 621778
9270 5432871 4811093 621778 621778
9280 5432871 4811093 621778 621778
9290 5432871 4811093 621778 621778
9300 5432871 4811093 621778 621778
9310 5432871 4811093 621778 621778
9320 5432871 4811093 621778 621778
9330 5432871 4811093 621778 621778
9340 5432871 4811093 621778 621778
9350 5432871 4811093 621778 621778
9360 5432871 4811093 621778 621778
9370 5432871 4811093 621778 621778
9380 5432871 4811093 621778 621778
9390 5432871 4811093 621778 621778
9400 5432871 4811093 621778 621778
9410 5432871 4811093 621778 621778
9420 5432871 4811093 621778 621778
9430 5432871 4811093 621778 621778
9440 5432871 4811093 621778 621778
9450 5432871 4811093 621778 621778
9460 5432871 4811093 621778 621778
9470 5432871 4811093 621778 621778
9480 5432871 4811093 621778 621778
9490 5432871 4811093 621778 621778
9500 5432871 4811093 621778 621778
9510 5432871 4811093 621778 621778
9520 5432871 4811093 621778 621778
9530 5432871 4811093 621778 621778
9540 5432871 4811093 621778 621778
9550 5432871 4811093 621778 621778
9560 5432871 4811093 621778 621778
9570 5432871 4811093 621778 621778
9580 5432871 4811093 621778 621778
9590 5432871 4811093 621778 621778
9600 5432871 4811093 621778 621778
9610 5432871 4811093 621778 621778
9620 5432871 4811093 621778 621778
9630 5432871 4811093 621778 621778
9640 5432871 4811093 621778 621778
9650 5432871 4811093 621778 621778
9660 5432871 4811093 621778 621778
9670 5432871 4811093 621778 621778
9680 5432871 4811093 621778 621778
9690 5432871 4811093 621778 621778
9700 5432871 4811093 621778 621778
9710 5432871 4811093 621778 621778
9720 5432871 4811093 621778 621778
9730 5432871 4811093 621778 621778
9740 5432871 4811093 621778 621778
9750 5432871 4811093 621778 621778
9760 5432871 4811093 621778 621778
9770 5432871 4811093 621778 621778
9780 5432871 4811093 621778 621778
9790 5432871 4811093 621778 621778
9800 5432871 4811093 621778 621778
9810 5432871 4811093 621778 621778
9820 5432871 4811093 621778 621778
9830 5432871 4811093 621778 621778
9840 5432871 4811093 621778 621778
9850 5432871 4811093 621778 621778
9860 5432871 4811093 621778 621778
9870 5432871 4811093 621778 621778
9880 5432871 4811093 621778 621778
9890 5432871 4811093 621778 621778
9900 5432871 4811093 621778 621778
9910 5432871 4811093 621778 621778
9920 5432871 4811093 621778 621778
9930 5432871 4811093 621778 621778
9940 5432871 4811093 621778 621778
9950 5432871 4811093 621778 621778
9960 5432871 4811093 621778 621778
9970 5432871 4811093 621778 621778
9980 5432871 4811093 621778 621778
9990 5432871 4811093 621778 621778
10000 5432871 4811093 621778 621778
10010 5432871 4811093 621778 621778
10020 5432871 4811093 621778 621778
10030 5432871 4811093 621778 621778
10040 5432871 4811093 621778 621778
10050 5432871 4811093 621778 621778
10060 5432871 4811093 621778 621778
10070 5432871 4811093 621778 621778
10080 5432871 4811093 621778 621778
10090 5432871 4811093 621778 621778
10100 5432871 4811093 621778 621778
10110 5432871 4811093 621778 621778
10120 5432871 4811093 621778 621778
10130 5432871 4811093 621778 621778
10140 5432871 4811093 621778 621778
10150 5432871 4811093 621778 621778
10160 5432871 4811093 621778 621778
10170 5432871 4811093 621778 621778
10180 5432871 4811093 621778 621778
10190 5432871 4811093 621778 621778
10200 5432871 4811093 621778 621778
10210 5432871 4811093 621778 621778
10220 5432871 4811093 621778 621778
10230 5432871 4811093 621778 621778
10240 5432871 4811093 621778 621778
10250 5432871 4811093 621778 621778
10260 5432871 4811093 621778 621778
10270 5432871 4811093 621778 621778
10280 5432871 4811093 621778 621778
10290 5432871 4811093 621778 621778
10300 5432871 4811093 621778 621778
10310 5432871 4811093 621778 621778
10320 5432871 4811093 621778 621778
10330 5432871 4811093 621778 621778
10340 5432871 4811093 621778 621778
10350 5432871 4811093 621778 621778
10360 5432871 4811093 621778 621778
10370 5432871 4811093 621778 621778
10380 5432871 4811093 621778 621778
10390 5432871 4811093 621778 621778
10400 5432871 4811093 621778 621778
10410 5432871 4811093 621778 621778
10420 5432871 4811093 621778 621778
10430 5432871 4811093 621778 621778
10440 5432871 4811093 621778 621778
10450 5432871 4811093 621778 621778
10460 5432871 4811093 621778 621778
10470 5432871 4811093 621778 621778
10480 5432871 4811093 621778 621778
10490 5432871 4811093 621778 621778
10500 5432871 4811093 621778 621778
10510 5432871 4811093 621778 621778
10520 5432871 4811093 621778 621778
10530 5432871 4811093 621778 621778
10540 5432871 4811093 621778 621778
10550 5432871 4811093 621778 621778
10560 5432871 4811093 621778 621778
10570 5432871 4811093 621778 621778
10580 5432871 4811093 621778 621778
10590 5432871 4811093 621778 621778
10600 5432871 4811093 621778 621778
10610 5432871 4811093 621778 621778
10620 5432871 4811093 621778 621778
10630 5432871 4811093 621778 621778
10640 5432871 4811093 621778 621778
10650 5432871 4811093 621778 621778
10660 5432871 4811093 621778 621778
10670 5432871 4811093 621778 621778
10680 5432871 4811093 621778 621778
10690 5432871 4811093 621778 621778
10700 5432871 4811093 621778 621778
10710 5432871 4811093 621778 621778
10720 5432871 4811093 621778 621778
10730 5432871 4811093 621778 621778
10740 5432871 4811093 621778 621778
10750 5432871 4811093 621778 621778
10760 5432871 4811093 621778 621778
10770 5432871 4811093 621778 621778
10780 5432871 4811093 621778 621778
10790 5432871 4811093 621778 621778
10800 5432871 4811093 621778 621778
10810 5432871 4811093 621778 621778
10820 5432871 4811093 621778 621778
10830 5432871 4811093 621778 621778
10840 5432871 4811093 621778 621778
10850 5432871 4811093 621778 621778
10860 5432871 4811093 621778 621778
10870 5432871 4811093 621778 621778
10880 5432871 4811093 621778 621778
10890 5432871 4811093 621778 621778
10900 5432871 4811093 621778 621778
10910 5432871 4811093 621778 621778
10920 5432871 4811093 621778 621778
10930 5432871 4811093 621778 621778
10940 5432871 4811093 621778 621778
10950 5432871 4811093 621778 621778
10960 5432871 4811093 621778 621778
10970 5432871 4811093 621778 621778
10980 5432871 4811093 621778 621778
10990 5432871 4811093 621778 621778
11000 5432871 4811093 621778 621778
11010 5432871 4811093 621778 621778
11020 5432871 4811093 621778 621778
11030 5432871 4811093 621778 621778
11040 5432871 4811093 621778 621778
11050 5432871 4811093 621778 621778
11060 5432871 4811093 621778 621778
11070 5432871 4811093 621778 621778
11080 5432871 4811093 621778 621778
11090 5432871 4811093 621778 621778
11100 5432871 4811093 621778 621778
11110 5432871 4811093 621778 621778
11120 5432871 4811093 621778 621778
11130 5432871 4811093 621778 621778
11140 5432871 4811093 621778 621778
11150 5432871 4811093 621778 621778
11160 5432871 4811093 621778 621778
11170 5432871 4811093 621778 621778
11180 5432871 4811093 621778 621778
11190 5432871 4811093 621778 621778
11200 5432871 4811093 621778 621778
11210 5432871 4811093 621778 621778
11220 5432871 4811093 621778 621778
11230 5432871 4811093 621778 621778
11240 5432871 4811093 621778 621778
11250 5432871 4811093 621778 621778
11260 5432871 4811093 621778 621778
11270 5432871 4811093 621778 621778
11280 5432871 4811093 621778 621778
11290 5432871 4811093 621778 621778
11300 5432871 4811093 621778 621778
11310 5432871 4811093 621778 621778
11320 5432871 4811093 621778 621778
11330 5432871 4811093 621778 621778
11340 5432871 4811093 621778 621778
11350 5432871 4811093 621778 621778
11360 5432871 4811093 621778 621778
11370 5432871 4811093 621778 621778
11380 5432871 4811093 621778 621778
11390 5432871 4811093 621778 621778
11400 5432871 4811093 621778 621778
11410 5432871 4811093 621778 621778
11420 5432871 4811093 621778 621778
11430 5432871 4811093 621778 621778
11440 5432871 4811093 621778 621778
11450 5432871 4811093 621778 621778
11460 5432871 4811093 621778 621778
11470 5432871 4811093 621778 621778
11480 5432871 4811093 621778 621778
11490 5432871 4811093 621778 621778
11500 5432871 4811093 621778 621778
11510 5432871 4811093 621778 621778
11520 5432871 4811093 621778 621778
11530 5432871 4811093 621778 621778
11540 5432871 4811093 621778 621778
11550 5432871 4811093 621778 621778
11560 5432871 4811093 621778 621778
11570 5432871 4811093 621778 621778
11580 5432871 4811093 621778 621778
11590 5432871 4811093 621778 621778
11600 5432871 4811093 621778 621778
11610 5432871 4811093 621778 621778
11620 5432871 4811093 621778 621778
11630 5432871 4811093 621778 621778
11640 5432871 4811093 621778 621778
11650 5432871 4811093 621778 621778
11660 5432871 4811093 621778 621778
11670 5432871 4811093 621778 621778
11680 5432871 4811093 621778 621778
11690 5432871 4811093 621778 621778
11700 5432871 4811093 621778 621778
11710 5432871 4811093 621778 621778
11720 5432871 4811093 621778 621778
11730 5432871 4811093 621778 621778
11740 5432871 4811093 621778 621778
11750 5432871 4811093 621778 621778
11760 5432871 4811093 621778 621778
11770 5432871 4811093 621778 621778
11780 5432871 4811093 621778 621778
11790 5432871 4811093 621778 621778
11800 5432871 4811093 621778 621778
11810 5432871 4811093 621778 621778
11820 5432871 4811093 621778 621778
11830 5432871 4811093 621778 621778
11840 5432871 4811093 621778 621778
11850 5432871 4811093 621778 621778
11860 5432871 4811093 621778 621778
11870 5432871 4811093 621778 621778
11880 5432871 4811093 621778 621778
11890 5432871 4811093 621778 621778
11900 5432871 4811093 621778 621778
11910 5432871 4811093 621778 621778
11920 5432871 4811093 621778 621778
11930 5432871 4811093 621778 621778
11940 5432871 4811093 621778 621778
11950 5432871 4811093 621778 621778
11960 5432871 4811093 621778 621778
11970 5432871 4811093 621778 621778
11980 5432871 4811093 621778 621778
11990 5432871 4811093 621778 621778
12000 5432871 4811093 621778 621778
12010 5432871 4811093 621778 621778
12020 5432871 4811093 621778 621778
12030 5432871 4811093 621778 621778
12040 5432871 4811093 621778 621778
12050 5432871 4811093 621778 621778
12060 5432871 4811093 621778 621778
12070 5432871 4811093 621778 621778
12080 5432871 4811093 621778 621778
12090 5432871 4811093 621778 621778
12100 5432871 4811093 621778 621778
12110 5432871 4811093 621778 621778
12120 5432871 4811093 621778 621778
12130 5432871 4811093 621778 621778
12140 5432871 4811093 621778 621778
12150 5432871 4811093 621778 621778
12160 5432871 4811093 621778 621778
12170 5432871 4811093 621778 621778
12180 5432871 4811093 621778 621778
12190 5432871 4811093 621778 621778
12200 5432871 4811093 621778 621778
12210 5432871 4811093 621778 621778
12220 5432871 4811093 621778 621778
12230 5432871 4811093 621778 621778
12240 5432871 4811093 621778 621778
12250 5432871 4811093 621778 621778
12260 5432871 4811093 621778 621778
12270 5432871 4811093 621778 621778
12280 5432871 4811093 621778 621778
12290 5432871 4811093 621778 621778
12300 5432871 4811093 621778 621778
12310 5432871 4811093 621778 621778
12320 5432871 4811093 621778 621778
12330 5432871 4811093 621778 621778
12340 5432871 4811093 621778 621778
12350 5432871 4811093 621778 621778
12360 5432871 4811093 621778 621778
12370 5432871 4811093 621778 621778
12380 5432871 4811093 621778 621778
12390 5432871 4811093 621778 621778
12400 5432871 4811093 621778 621778
12410 5432871 4811093 621778 621778
12420 5432871 4811093 621778 621778
12430 5432871 4811093 621778 621778
12440 5432871 4811093 621778 621778
12450 5432871 4811093 621778 621778
12460 5432871 4811093 621778 621778
12470 5432871 4811093 621778 621778
12480 5432871 4811093 621778 621778
12490 5432871 4811093 621778 621778
12500 5432871 4811093 621778 621778
12510 5432871 4811093 621778 621778
12520 5432871 4811093 621778 621778
12530 5432871 4811093 621778 621778
12540 5432871 4811093 621778 621778
12550 5432871 4811093 621778 621778
12560 5432871 4811093 621778 621778
12570 5432871 4811093 621778 621778
12580 5432871 4811093 621778 621778
12590 5432871 4811093 621778 621778
12600 5432871 4811093 621778 621778
12610 5432871 4811093 621778 621778
12620 5432871 4811093 621778 621778
12630 5432871 4811093 621778 621778
12640 5432871 4811093 621778 621778
12650 5432871 4811093 621778 621778
12660 5432871 4811093 621778 621778
12670 5432871 4811093 621778 621778
12680 5432871 4811093 621778 621778
12690 5432871 4811093 621778 621778
12700 5432871 4811093 621778 621778
12710 5432871 4811093 621778 621778
12720 5432871 4811093 621778 621778
12730 5432871 4811093 621778 621778
12740 5432871 4811093 621778 621778
12750 5432871 4811093 621778 621778
12760 5432871 4811093 621778 621778
12770 5432871 4811093 621778 621778
12780 5432871 4811093 621778 621778
12790 5432871 4811093 621778 621778
12800 5432871 4811093 621778 621778
12810 5432871 4811093 621778 621778
12820 5432871 4811093 621778 621778
12830 5432871 4811093 621778 621778

