Optimal path [nodeId(time to the node):
17(0) -> 51(126) -> 74(126) -> 98(122) -> 44(118) -> 72(119) -> 85(138) -> 95(133) -> 23(126) -> 45(141) -> 61(120) -> 35(131) -> 97(127) -> 25(133) -> 89(135) -> 21(117) -> 65(126) -> 62(139) -> 0(134) -> 59(131) -> 93(127) -> 8(118) -> 1(135) -> 78(116) -> 88(131) -> 84(113) -> 42(147) -> 50(133) -> 86(126) -> 48(129) -> 4(125) -> 69(106) -> 7(107) -> 22(133) -> 18(128) -> 29(129) -> 99(113) -> 67(117) -> 70(118) -> 77(118) -> 36(136) -> 39(121) -> 96(116) -> 60(123) -> 41(132) -> 14(139) -> 82(118) -> 79(118) -> 40(125) -> 32(116) -> 68(121) -> 94(120) -> 30(126) -> 26(138) -> 76(130) -> 47(125) -> 91(129) -> 6(119) -> 63(128) -> 46(135) -> 75(135) -> 24(134) -> 2(109) -> 3(129) -> 71(119) -> 43(137) -> 31(129) -> 53(116) -> 15(128) -> 5(124) -> 57(138) -> 58(123) -> 33(130) -> 11(131) -> 49(126) -> 54(134) -> 56(129) -> 19(110) -> 92(130) -> 66(114) -> 13(113) -> 90(121) -> 16(132) -> 83(134) -> 37(121) -> 52(127) -> 38(127) -> 64(130) -> 12(131) -> 55(141) -> 73(126) -> 9(137) -> 27(122) -> 81(134) -> 28(117) -> 10(138) -> 87(122) -> 34(123) -> 80(140) -> 20(145)
Total time of delivery: 12532
The cost function value: 2610801

Statistics at the end of simulation: 
Residents: 5432871
Illness cases: 5209071 --> [95.88063106964991%]
Healthy residents: 223800 --> [4.1193689303500856%]
Vaccinated residents223800 --> [4.1193689303500856%]

Statistics of each node: 
id residentsNumber illnessCases healthyResidents vaccinated
17 27216 1 27215 27215
51 94699 43 94656 94656
74 81649 1854 79795 79795
98 93006 70872 22134 22134
44 15573 15573 0 0
72 90063 90063 0 0
85 44972 44972 0 0
95 71066 71066 0 0
23 20873 20873 0 0
45 46217 46217 0 0
61 25643 25643 0 0
35 96767 96767 0 0
97 86845 86845 0 0
25 67586 67586 0 0
89 68284 68284 0 0
21 82806 82806 0 0
65 70610 70610 0 0
62 19500 19500 0 0
0 59902 59902 0 0
59 83546 83546 0 0
93 39916 39916 0 0
8 45160 45160 0 0
1 49456 49456 0 0
78 57716 57716 0 0
88 37474 37474 0 0
84 70627 70627 0 0
42 68898 68898 0 0
50 30829 30829 0 0
86 26732 26732 0 0
48 13555 13555 0 0
4 56018 56018 0 0
69 66112 66112 0 0
7 29243 29243 0 0
22 73621 73621 0 0
18 16978 16978 0 0
29 15814 15814 0 0
99 28053 28053 0 0
67 37842 37842 0 0
70 36163 36163 0 0
77 28452 28452 0 0
36 85682 85682 0 0
39 32804 32804 0 0
96 73344 73344 0 0
60 91794 91794 0 0
41 91808 91808 0 0
14 81887 81887 0 0
82 15231 15231 0 0
79 84379 84379 0 0
40 31222 31222 0 0
32 59165 59165 0 0
68 42462 42462 0 0
94 76894 76894 0 0
30 67192 67192 0 0
26 26605 26605 0 0
76 31382 31382 0 0
47 98952 98952 0 0
91 32862 32862 0 0
6 12672 12672 0 0
63 51706 51706 0 0
46 73816 73816 0 0
75 26017 26017 0 0
24 37355 37355 0 0
2 43074 43074 0 0
3 57882 57882 0 0
71 23666 23666 0 0
43 79446 79446 0 0
31 69146 69146 0 0
53 61988 61988 0 0
15 78003 78003 0 0
5 15364 15364 0 0
57 39724 39724 0 0
58 16081 16081 0 0
33 13135 13135 0 0
11 84816 84816 0 0
49 19584 19584 0 0
54 69376 69376 0 0
56 80108 80108 0 0
19 87851 87851 0 0
92 24523 24523 0 0
66 26230 26230 0 0
13 61304 61304 0 0
90 80008 80008 0 0
16 82700 82700 0 0
83 46841 46841 0 0
37 51694 51694 0 0
52 63153 63153 0 0
38 33030 33030 0 0
64 22353 22353 0 0
12 79926 79926 0 0
55 88344 88344 0 0
73 49077 49077 0 0
9 60305 60305 0 0
27 80174 80174 0 0
81 89526 89526 0 0
28 91749 91749 0 0
10 95932 95932 0 0
87 20655 20655 0 0
34 28894 28894 0 0
80 67722 67722 0 0
20 48774 48774 0 0

Statistics step by step: 
minute residentsNumber illnessCases healthyResidents vaccinated
0 5432871 100 5432771 27215
10 5432871 100 5432771 27215
20 5432871 100 5432771 27215
30 5432871 199 5432672 27215
40 5432871 298 5432573 27215
50 5432871 397 5432474 27215
60 5432871 595 5432276 27215
70 5432871 793 5432078 27215
80 5432871 991 5431880 27215
90 5432871 1387 5431484 27215
100 5432871 1882 5430989 27215
110 5432871 2575 5430296 27215
120 5432871 3565 5429306 27215
130 5432871 4748 5428123 121871
140 5432871 6414 5426457 121871
150 5432871 8668 5424203 121871
160 5432871 11608 5421263 121871
170 5432871 15724 5417147 121871
180 5432871 21212 5411659 121871
190 5432871 28562 5404309 121871
200 5432871 38460 5394411 121871
210 5432871 51886 5380985 121871
220 5432871 69918 5362953 121871
230 5432871 94222 5338649 121871
240 5432871 127052 5305819 121871
250 5432871 171250 5261621 121871
260 5432871 230236 5202635 201666
270 5432871 309776 5123095 201666
280 5432871 416961 5015910 201666
290 5432871 561394 4871477 201666
300 5432871 756170 4676701 201666
310 5432871 1018652 4414219 201666
320 5432871 1369386 4063485 201666
330 5432871 1812437 3620434 201666
340 5432871 2367098 3065773 201666
350 5432871 3009779 2423092 201666
360 5432871 3741892 1690979 201666
370 5432871 4526212 906659 201666
380 5432871 5131069 301802 223800
390 5432871 5209071 223800 223800
400 5432871 5209071 223800 223800
410 5432871 5209071 223800 223800
420 5432871 5209071 223800 223800
430 5432871 5209071 223800 223800
440 5432871 5209071 223800 223800
450 5432871 5209071 223800 223800
460 5432871 5209071 223800 223800
470 5432871 5209071 223800 223800
480 5432871 5209071 223800 223800
490 5432871 5209071 223800 223800
500 5432871 5209071 223800 223800
510 5432871 5209071 223800 223800
520 5432871 5209071 223800 223800
530 5432871 5209071 223800 223800
540 5432871 5209071 223800 223800
550 5432871 5209071 223800 223800
560 5432871 5209071 223800 223800
570 5432871 5209071 223800 223800
580 5432871 5209071 223800 223800
590 5432871 5209071 223800 223800
600 5432871 5209071 223800 223800
610 5432871 5209071 223800 223800
620 5432871 5209071 223800 223800
630 5432871 5209071 223800 223800
640 5432871 5209071 223800 223800
650 5432871 5209071 223800 223800
660 5432871 5209071 223800 223800
670 5432871 5209071 223800 223800
680 5432871 5209071 223800 223800
690 5432871 5209071 223800 223800
700 5432871 5209071 223800 223800
710 5432871 5209071 223800 223800
720 5432871 5209071 223800 223800
730 5432871 5209071 223800 223800
740 5432871 5209071 223800 223800
750 5432871 5209071 223800 223800
760 5432871 5209071 223800 223800
770 5432871 5209071 223800 223800
780 5432871 5209071 223800 223800
790 5432871 5209071 223800 223800
800 5432871 5209071 223800 223800
810 5432871 5209071 223800 223800
820 5432871 5209071 223800 223800
830 5432871 5209071 223800 223800
840 5432871 5209071 223800 223800
850 5432871 5209071 223800 223800
860 5432871 5209071 223800 223800
870 5432871 5209071 223800 223800
880 5432871 5209071 223800 223800
890 5432871 5209071 223800 223800
900 5432871 5209071 223800 223800
910 5432871 5209071 223800 223800
920 5432871 5209071 223800 223800
930 5432871 5209071 223800 223800
940 5432871 5209071 223800 223800
950 5432871 5209071 223800 223800
960 5432871 5209071 223800 223800
970 5432871 5209071 223800 223800
980 5432871 5209071 223800 223800
990 5432871 5209071 223800 223800
1000 5432871 5209071 223800 223800
1010 5432871 5209071 223800 223800
1020 5432871 5209071 223800 223800
1030 5432871 5209071 223800 223800
1040 5432871 5209071 223800 223800
1050 5432871 5209071 223800 223800
1060 5432871 5209071 223800 223800
1070 5432871 5209071 223800 223800
1080 5432871 5209071 223800 223800
1090 5432871 5209071 223800 223800
1100 5432871 5209071 223800 223800
1110 5432871 5209071 223800 223800
1120 5432871 5209071 223800 223800
1130 5432871 5209071 223800 223800
1140 5432871 5209071 223800 223800
1150 5432871 5209071 223800 223800
1160 5432871 5209071 223800 223800
1170 5432871 5209071 223800 223800
1180 5432871 5209071 223800 223800
1190 5432871 5209071 223800 223800
1200 5432871 5209071 223800 223800
1210 5432871 5209071 223800 223800
1220 5432871 5209071 223800 223800
1230 5432871 5209071 223800 223800
1240 5432871 5209071 223800 223800
1250 5432871 5209071 223800 223800
1260 5432871 5209071 223800 223800
1270 5432871 5209071 223800 223800
1280 5432871 5209071 223800 223800
1290 5432871 5209071 223800 223800
1300 5432871 5209071 223800 223800
1310 5432871 5209071 223800 223800
1320 5432871 5209071 223800 223800
1330 5432871 5209071 223800 223800
1340 5432871 5209071 223800 223800
1350 5432871 5209071 223800 223800
1360 5432871 5209071 223800 223800
1370 5432871 5209071 223800 223800
1380 5432871 5209071 223800 223800
1390 5432871 5209071 223800 223800
1400 5432871 5209071 223800 223800
1410 5432871 5209071 223800 223800
1420 5432871 5209071 223800 223800
1430 5432871 5209071 223800 223800
1440 5432871 5209071 223800 223800
1450 5432871 5209071 223800 223800
1460 5432871 5209071 223800 223800
1470 5432871 5209071 223800 223800
1480 5432871 5209071 223800 223800
1490 5432871 5209071 223800 223800
1500 5432871 5209071 223800 223800
1510 5432871 5209071 223800 223800
1520 5432871 5209071 223800 223800
1530 5432871 5209071 223800 223800
1540 5432871 5209071 223800 223800
1550 5432871 5209071 223800 223800
1560 5432871 5209071 223800 223800
1570 5432871 5209071 223800 223800
1580 5432871 5209071 223800 223800
1590 5432871 5209071 223800 223800
1600 5432871 5209071 223800 223800
1610 5432871 5209071 223800 223800
1620 5432871 5209071 223800 223800
1630 5432871 5209071 223800 223800
1640 5432871 5209071 223800 223800
1650 5432871 5209071 223800 223800
1660 5432871 5209071 223800 223800
1670 5432871 5209071 223800 223800
1680 5432871 5209071 223800 223800
1690 5432871 5209071 223800 223800
1700 5432871 5209071 223800 223800
1710 5432871 5209071 223800 223800
1720 5432871 5209071 223800 223800
1730 5432871 5209071 223800 223800
1740 5432871 5209071 223800 223800
1750 5432871 5209071 223800 223800
1760 5432871 5209071 223800 223800
1770 5432871 5209071 223800 223800
1780 5432871 5209071 223800 223800
1790 5432871 5209071 223800 223800
1800 5432871 5209071 223800 223800
1810 5432871 5209071 223800 223800
1820 5432871 5209071 223800 223800
1830 5432871 5209071 223800 223800
1840 5432871 5209071 223800 223800
1850 5432871 5209071 223800 223800
1860 5432871 5209071 223800 223800
1870 5432871 5209071 223800 223800
1880 5432871 5209071 223800 223800
1890 5432871 5209071 223800 223800
1900 5432871 5209071 223800 223800
1910 5432871 5209071 223800 223800
1920 5432871 5209071 223800 223800
1930 5432871 5209071 223800 223800
1940 5432871 5209071 223800 223800
1950 5432871 5209071 223800 223800
1960 5432871 5209071 223800 223800
1970 5432871 5209071 223800 223800
1980 5432871 5209071 223800 223800
1990 5432871 5209071 223800 223800
2000 5432871 5209071 223800 223800
2010 5432871 5209071 223800 223800
2020 5432871 5209071 223800 223800
2030 5432871 5209071 223800 223800
2040 5432871 5209071 223800 223800
2050 5432871 5209071 223800 223800
2060 5432871 5209071 223800 223800
2070 5432871 5209071 223800 223800
2080 5432871 5209071 223800 223800
2090 5432871 5209071 223800 223800
2100 5432871 5209071 223800 223800
2110 5432871 5209071 223800 223800
2120 5432871 5209071 223800 223800
2130 5432871 5209071 223800 223800
2140 5432871 5209071 223800 223800
2150 5432871 5209071 223800 223800
2160 5432871 5209071 223800 223800
2170 5432871 5209071 223800 223800
2180 5432871 5209071 223800 223800
2190 5432871 5209071 223800 223800
2200 5432871 5209071 223800 223800
2210 5432871 5209071 223800 223800
2220 5432871 5209071 223800 223800
2230 5432871 5209071 223800 223800
2240 5432871 5209071 223800 223800
2250 5432871 5209071 223800 223800
2260 5432871 5209071 223800 223800
2270 5432871 5209071 223800 223800
2280 5432871 5209071 223800 223800
2290 5432871 5209071 223800 223800
2300 5432871 5209071 223800 223800
2310 5432871 5209071 223800 223800
2320 5432871 5209071 223800 223800
2330 5432871 5209071 223800 223800
2340 5432871 5209071 223800 223800
2350 5432871 5209071 223800 223800
2360 5432871 5209071 223800 223800
2370 5432871 5209071 223800 223800
2380 5432871 5209071 223800 223800
2390 5432871 5209071 223800 223800
2400 5432871 5209071 223800 223800
2410 5432871 5209071 223800 223800
2420 5432871 5209071 223800 223800
2430 5432871 5209071 223800 223800
2440 5432871 5209071 223800 223800
2450 5432871 5209071 223800 223800
2460 5432871 5209071 223800 223800
2470 5432871 5209071 223800 223800
2480 5432871 5209071 223800 223800
2490 5432871 5209071 223800 223800
2500 5432871 5209071 223800 223800
2510 5432871 5209071 223800 223800
2520 5432871 5209071 223800 223800
2530 5432871 5209071 223800 223800
2540 5432871 5209071 223800 223800
2550 5432871 5209071 223800 223800
2560 5432871 5209071 223800 223800
2570 5432871 5209071 223800 223800
2580 5432871 5209071 223800 223800
2590 5432871 5209071 223800 223800
2600 5432871 5209071 223800 223800
2610 5432871 5209071 223800 223800
2620 5432871 5209071 223800 223800
2630 5432871 5209071 223800 223800
2640 5432871 5209071 223800 223800
2650 5432871 5209071 223800 223800
2660 5432871 5209071 223800 223800
2670 5432871 5209071 223800 223800
2680 5432871 5209071 223800 223800
2690 5432871 5209071 223800 223800
2700 5432871 5209071 223800 223800
2710 5432871 5209071 223800 223800
2720 5432871 5209071 223800 223800
2730 5432871 5209071 223800 223800
2740 5432871 5209071 223800 223800
2750 5432871 5209071 223800 223800
2760 5432871 5209071 223800 223800
2770 5432871 5209071 223800 223800
2780 5432871 5209071 223800 223800
2790 5432871 5209071 223800 223800
2800 5432871 5209071 223800 223800
2810 5432871 5209071 223800 223800
2820 5432871 5209071 223800 223800
2830 5432871 5209071 223800 223800
2840 5432871 5209071 223800 223800
2850 5432871 5209071 223800 223800
2860 5432871 5209071 223800 223800
2870 5432871 5209071 223800 223800
2880 5432871 5209071 223800 223800
2890 5432871 5209071 223800 223800
2900 5432871 5209071 223800 223800
2910 5432871 5209071 223800 223800
2920 5432871 5209071 223800 223800
2930 5432871 5209071 223800 223800
2940 5432871 5209071 223800 223800
2950 5432871 5209071 223800 223800
2960 5432871 5209071 223800 223800
2970 5432871 5209071 223800 223800
2980 5432871 5209071 223800 223800
2990 5432871 5209071 223800 223800
3000 5432871 5209071 223800 223800
3010 5432871 5209071 223800 223800
3020 5432871 5209071 223800 223800
3030 5432871 5209071 223800 223800
3040 5432871 5209071 223800 223800
3050 5432871 5209071 223800 223800
3060 5432871 5209071 223800 223800
3070 5432871 5209071 223800 223800
3080 5432871 5209071 223800 223800
3090 5432871 5209071 223800 223800
3100 5432871 5209071 223800 223800
3110 5432871 5209071 223800 223800
3120 5432871 5209071 223800 223800
3130 5432871 5209071 223800 223800
3140 5432871 5209071 223800 223800
3150 5432871 5209071 223800 223800
3160 5432871 5209071 223800 223800
3170 5432871 5209071 223800 223800
3180 5432871 5209071 223800 223800
3190 5432871 5209071 223800 223800
3200 5432871 5209071 223800 223800
3210 5432871 5209071 223800 223800
3220 5432871 5209071 223800 223800
3230 5432871 5209071 223800 223800
3240 5432871 5209071 223800 223800
3250 5432871 5209071 223800 223800
3260 5432871 5209071 223800 223800
3270 5432871 5209071 223800 223800
3280 5432871 5209071 223800 223800
3290 5432871 5209071 223800 223800
3300 5432871 5209071 223800 223800
3310 5432871 5209071 223800 223800
3320 5432871 5209071 223800 223800
3330 5432871 5209071 223800 223800
3340 5432871 5209071 223800 223800
3350 5432871 5209071 223800 223800
3360 5432871 5209071 223800 223800
3370 5432871 5209071 223800 223800
3380 5432871 5209071 223800 223800
3390 5432871 5209071 223800 223800
3400 5432871 5209071 223800 223800
3410 5432871 5209071 223800 223800
3420 5432871 5209071 223800 223800
3430 5432871 5209071 223800 223800
3440 5432871 5209071 223800 223800
3450 5432871 5209071 223800 223800
3460 5432871 5209071 223800 223800
3470 5432871 5209071 223800 223800
3480 5432871 5209071 223800 223800
3490 5432871 5209071 223800 223800
3500 5432871 5209071 223800 223800
3510 5432871 5209071 223800 223800
3520 5432871 5209071 223800 223800
3530 5432871 5209071 223800 223800
3540 5432871 5209071 223800 223800
3550 5432871 5209071 223800 223800
3560 5432871 5209071 223800 223800
3570 5432871 5209071 223800 223800
3580 5432871 5209071 223800 223800
3590 5432871 5209071 223800 223800
3600 5432871 5209071 223800 223800
3610 5432871 5209071 223800 223800
3620 5432871 5209071 223800 223800
3630 5432871 5209071 223800 223800
3640 5432871 5209071 223800 223800
3650 5432871 5209071 223800 223800
3660 5432871 5209071 223800 223800
3670 5432871 5209071 223800 223800
3680 5432871 5209071 223800 223800
3690 5432871 5209071 223800 223800
3700 5432871 5209071 223800 223800
3710 5432871 5209071 223800 223800
3720 5432871 5209071 223800 223800
3730 5432871 5209071 223800 223800
3740 5432871 5209071 223800 223800
3750 5432871 5209071 223800 223800
3760 5432871 5209071 223800 223800
3770 5432871 5209071 223800 223800
3780 5432871 5209071 223800 223800
3790 5432871 5209071 223800 223800
3800 5432871 5209071 223800 223800
3810 5432871 5209071 223800 223800
3820 5432871 5209071 223800 223800
3830 5432871 5209071 223800 223800
3840 5432871 5209071 223800 223800
3850 5432871 5209071 223800 223800
3860 5432871 5209071 223800 223800
3870 5432871 5209071 223800 223800
3880 5432871 5209071 223800 223800
3890 5432871 5209071 223800 223800
3900 5432871 5209071 223800 223800
3910 5432871 5209071 223800 223800
3920 5432871 5209071 223800 223800
3930 5432871 5209071 223800 223800
3940 5432871 5209071 223800 223800
3950 5432871 5209071 223800 223800
3960 5432871 5209071 223800 223800
3970 5432871 5209071 223800 223800
3980 5432871 5209071 223800 223800
3990 5432871 5209071 223800 223800
4000 5432871 5209071 223800 223800
4010 5432871 5209071 223800 223800
4020 5432871 5209071 223800 223800
4030 5432871 5209071 223800 223800
4040 5432871 5209071 223800 223800
4050 5432871 5209071 223800 223800
4060 5432871 5209071 223800 223800
4070 5432871 5209071 223800 223800
4080 5432871 5209071 223800 223800
4090 5432871 5209071 223800 223800
4100 5432871 5209071 223800 223800
4110 5432871 5209071 223800 223800
4120 5432871 5209071 223800 223800
4130 5432871 5209071 223800 223800
4140 5432871 5209071 223800 223800
4150 5432871 5209071 223800 223800
4160 5432871 5209071 223800 223800
4170 5432871 5209071 223800 223800
4180 5432871 5209071 223800 223800
4190 5432871 5209071 223800 223800
4200 5432871 5209071 223800 223800
4210 5432871 5209071 223800 223800
4220 5432871 5209071 223800 223800
4230 5432871 5209071 223800 223800
4240 5432871 5209071 223800 223800
4250 5432871 5209071 223800 223800
4260 5432871 5209071 223800 223800
4270 5432871 5209071 223800 223800
4280 5432871 5209071 223800 223800
4290 5432871 5209071 223800 223800
4300 5432871 5209071 223800 223800
4310 5432871 5209071 223800 223800
4320 5432871 5209071 223800 223800
4330 5432871 5209071 223800 223800
4340 5432871 5209071 223800 223800
4350 5432871 5209071 223800 223800
4360 5432871 5209071 223800 223800
4370 5432871 5209071 223800 223800
4380 5432871 5209071 223800 223800
4390 5432871 5209071 223800 223800
4400 5432871 5209071 223800 223800
4410 5432871 5209071 223800 223800
4420 5432871 5209071 223800 223800
4430 5432871 5209071 223800 223800
4440 5432871 5209071 223800 223800
4450 5432871 5209071 223800 223800
4460 5432871 5209071 223800 223800
4470 5432871 5209071 223800 223800
4480 5432871 5209071 223800 223800
4490 5432871 5209071 223800 223800
4500 5432871 5209071 223800 223800
4510 5432871 5209071 223800 223800
4520 5432871 5209071 223800 223800
4530 5432871 5209071 223800 223800
4540 5432871 5209071 223800 223800
4550 5432871 5209071 223800 223800
4560 5432871 5209071 223800 223800
4570 5432871 5209071 223800 223800
4580 5432871 5209071 223800 223800
4590 5432871 5209071 223800 223800
4600 5432871 5209071 223800 223800
4610 5432871 5209071 223800 223800
4620 5432871 5209071 223800 223800
4630 5432871 5209071 223800 223800
4640 5432871 5209071 223800 223800
4650 5432871 5209071 223800 223800
4660 5432871 5209071 223800 223800
4670 5432871 5209071 223800 223800
4680 5432871 5209071 223800 223800
4690 5432871 5209071 223800 223800
4700 5432871 5209071 223800 223800
4710 5432871 5209071 223800 223800
4720 5432871 5209071 223800 223800
4730 5432871 5209071 223800 223800
4740 5432871 5209071 223800 223800
4750 5432871 5209071 223800 223800
4760 5432871 5209071 223800 223800
4770 5432871 5209071 223800 223800
4780 5432871 5209071 223800 223800
4790 5432871 5209071 223800 223800
4800 5432871 5209071 223800 223800
4810 5432871 5209071 223800 223800
4820 5432871 5209071 223800 223800
4830 5432871 5209071 223800 223800
4840 5432871 5209071 223800 223800
4850 5432871 5209071 223800 223800
4860 5432871 5209071 223800 223800
4870 5432871 5209071 223800 223800
4880 5432871 5209071 223800 223800
4890 5432871 5209071 223800 223800
4900 5432871 5209071 223800 223800
4910 5432871 5209071 223800 223800
4920 5432871 5209071 223800 223800
4930 5432871 5209071 223800 223800
4940 5432871 5209071 223800 223800
4950 5432871 5209071 223800 223800
4960 5432871 5209071 223800 223800
4970 5432871 5209071 223800 223800
4980 5432871 5209071 223800 223800
4990 5432871 5209071 223800 223800
5000 5432871 5209071 223800 223800
5010 5432871 5209071 223800 223800
5020 5432871 5209071 223800 223800
5030 5432871 5209071 223800 223800
5040 5432871 5209071 223800 223800
5050 5432871 5209071 223800 223800
5060 5432871 5209071 223800 223800
5070 5432871 5209071 223800 223800
5080 5432871 5209071 223800 223800
5090 5432871 5209071 223800 223800
5100 5432871 5209071 223800 223800
5110 5432871 5209071 223800 223800
5120 5432871 5209071 223800 223800
5130 5432871 5209071 223800 223800
5140 5432871 5209071 223800 223800
5150 5432871 5209071 223800 223800
5160 5432871 5209071 223800 223800
5170 5432871 5209071 223800 223800
5180 5432871 5209071 223800 223800
5190 5432871 5209071 223800 223800
5200 5432871 5209071 223800 223800
5210 5432871 5209071 223800 223800
5220 5432871 5209071 223800 223800
5230 5432871 5209071 223800 223800
5240 5432871 5209071 223800 223800
5250 5432871 5209071 223800 223800
5260 5432871 5209071 223800 223800
5270 5432871 5209071 223800 223800
5280 5432871 5209071 223800 223800
5290 5432871 5209071 223800 223800
5300 5432871 5209071 223800 223800
5310 5432871 5209071 223800 223800
5320 5432871 5209071 223800 223800
5330 5432871 5209071 223800 223800
5340 5432871 5209071 223800 223800
5350 5432871 5209071 223800 223800
5360 5432871 5209071 223800 223800
5370 5432871 5209071 223800 223800
5380 5432871 5209071 223800 223800
5390 5432871 5209071 223800 223800
5400 5432871 5209071 223800 223800
5410 5432871 5209071 223800 223800
5420 5432871 5209071 223800 223800
5430 5432871 5209071 223800 223800
5440 5432871 5209071 223800 223800
5450 5432871 5209071 223800 223800
5460 5432871 5209071 223800 223800
5470 5432871 5209071 223800 223800
5480 5432871 5209071 223800 223800
5490 5432871 5209071 223800 223800
5500 5432871 5209071 223800 223800
5510 5432871 5209071 223800 223800
5520 5432871 5209071 223800 223800
5530 5432871 5209071 223800 223800
5540 5432871 5209071 223800 223800
5550 5432871 5209071 223800 223800
5560 5432871 5209071 223800 223800
5570 5432871 5209071 223800 223800
5580 5432871 5209071 223800 223800
5590 5432871 5209071 223800 223800
5600 5432871 5209071 223800 223800
5610 5432871 5209071 223800 223800
5620 5432871 5209071 223800 223800
5630 5432871 5209071 223800 223800
5640 5432871 5209071 223800 223800
5650 5432871 5209071 223800 223800
5660 5432871 5209071 223800 223800
5670 5432871 5209071 223800 223800
5680 5432871 5209071 223800 223800
5690 5432871 5209071 223800 223800
5700 5432871 5209071 223800 223800
5710 5432871 5209071 223800 223800
5720 5432871 5209071 223800 223800
5730 5432871 5209071 223800 223800
5740 5432871 5209071 223800 223800
5750 5432871 5209071 223800 223800
5760 5432871 5209071 223800 223800
5770 5432871 5209071 223800 223800
5780 5432871 5209071 223800 223800
5790 5432871 5209071 223800 223800
5800 5432871 5209071 223800 223800
5810 5432871 5209071 223800 223800
5820 5432871 5209071 223800 223800
5830 5432871 5209071 223800 223800
5840 5432871 5209071 223800 223800
5850 5432871 5209071 223800 223800
5860 5432871 5209071 223800 223800
5870 5432871 5209071 223800 223800
5880 5432871 5209071 223800 223800
5890 5432871 5209071 223800 223800
5900 5432871 5209071 223800 223800
5910 5432871 5209071 223800 223800
5920 5432871 5209071 223800 223800
5930 5432871 5209071 223800 223800
5940 5432871 5209071 223800 223800
5950 5432871 5209071 223800 223800
5960 5432871 5209071 223800 223800
5970 5432871 5209071 223800 223800
5980 5432871 5209071 223800 223800
5990 5432871 5209071 223800 223800
6000 5432871 5209071 223800 223800
6010 5432871 5209071 223800 223800
6020 5432871 5209071 223800 223800
6030 5432871 5209071 223800 223800
6040 5432871 5209071 223800 223800
6050 5432871 5209071 223800 223800
6060 5432871 5209071 223800 223800
6070 5432871 5209071 223800 223800
6080 5432871 5209071 223800 223800
6090 5432871 5209071 223800 223800
6100 5432871 5209071 223800 223800
6110 5432871 5209071 223800 223800
6120 5432871 5209071 223800 223800
6130 5432871 5209071 223800 223800
6140 5432871 5209071 223800 223800
6150 5432871 5209071 223800 223800
6160 5432871 5209071 223800 223800
6170 5432871 5209071 223800 223800
6180 5432871 5209071 223800 223800
6190 5432871 5209071 223800 223800
6200 5432871 5209071 223800 223800
6210 5432871 5209071 223800 223800
6220 5432871 5209071 223800 223800
6230 5432871 5209071 223800 223800
6240 5432871 5209071 223800 223800
6250 5432871 5209071 223800 223800
6260 5432871 5209071 223800 223800
6270 5432871 5209071 223800 223800
6280 5432871 5209071 223800 223800
6290 5432871 5209071 223800 223800
6300 5432871 5209071 223800 223800
6310 5432871 5209071 223800 223800
6320 5432871 5209071 223800 223800
6330 5432871 5209071 223800 223800
6340 5432871 5209071 223800 223800
6350 5432871 5209071 223800 223800
6360 5432871 5209071 223800 223800
6370 5432871 5209071 223800 223800
6380 5432871 5209071 223800 223800
6390 5432871 5209071 223800 223800
6400 5432871 5209071 223800 223800
6410 5432871 5209071 223800 223800
6420 5432871 5209071 223800 223800
6430 5432871 5209071 223800 223800
6440 5432871 5209071 223800 223800
6450 5432871 5209071 223800 223800
6460 5432871 5209071 223800 223800
6470 5432871 5209071 223800 223800
6480 5432871 5209071 223800 223800
6490 5432871 5209071 223800 223800
6500 5432871 5209071 223800 223800
6510 5432871 5209071 223800 223800
6520 5432871 5209071 223800 223800
6530 5432871 5209071 223800 223800
6540 5432871 5209071 223800 223800
6550 5432871 5209071 223800 223800
6560 5432871 5209071 223800 223800
6570 5432871 5209071 223800 223800
6580 5432871 5209071 223800 223800
6590 5432871 5209071 223800 223800
6600 5432871 5209071 223800 223800
6610 5432871 5209071 223800 223800
6620 5432871 5209071 223800 223800
6630 5432871 5209071 223800 223800
6640 5432871 5209071 223800 223800
6650 5432871 5209071 223800 223800
6660 5432871 5209071 223800 223800
6670 5432871 5209071 223800 223800
6680 5432871 5209071 223800 223800
6690 5432871 5209071 223800 223800
6700 5432871 5209071 223800 223800
6710 5432871 5209071 223800 223800
6720 5432871 5209071 223800 223800
6730 5432871 5209071 223800 223800
6740 5432871 5209071 223800 223800
6750 5432871 5209071 223800 223800
6760 5432871 5209071 223800 223800
6770 5432871 5209071 223800 223800
6780 5432871 5209071 223800 223800
6790 5432871 5209071 223800 223800
6800 5432871 5209071 223800 223800
6810 5432871 5209071 223800 223800
6820 5432871 5209071 223800 223800
6830 5432871 5209071 223800 223800
6840 5432871 5209071 223800 223800
6850 5432871 5209071 223800 223800
6860 5432871 5209071 223800 223800
6870 5432871 5209071 223800 223800
6880 5432871 5209071 223800 223800
6890 5432871 5209071 223800 223800
6900 5432871 5209071 223800 223800
6910 5432871 5209071 223800 223800
6920 5432871 5209071 223800 223800
6930 5432871 5209071 223800 223800
6940 5432871 5209071 223800 223800
6950 5432871 5209071 223800 223800
6960 5432871 5209071 223800 223800
6970 5432871 5209071 223800 223800
6980 5432871 5209071 223800 223800
6990 5432871 5209071 223800 223800
7000 5432871 5209071 223800 223800
7010 5432871 5209071 223800 223800
7020 5432871 5209071 223800 223800
7030 5432871 5209071 223800 223800
7040 5432871 5209071 223800 223800
7050 5432871 5209071 223800 223800
7060 5432871 5209071 223800 223800
7070 5432871 5209071 223800 223800
7080 5432871 5209071 223800 223800
7090 5432871 5209071 223800 223800
7100 5432871 5209071 223800 223800
7110 5432871 5209071 223800 223800
7120 5432871 5209071 223800 223800
7130 5432871 5209071 223800 223800
7140 5432871 5209071 223800 223800
7150 5432871 5209071 223800 223800
7160 5432871 5209071 223800 223800
7170 5432871 5209071 223800 223800
7180 5432871 5209071 223800 223800
7190 5432871 5209071 223800 223800
7200 5432871 5209071 223800 223800
7210 5432871 5209071 223800 223800
7220 5432871 5209071 223800 223800
7230 5432871 5209071 223800 223800
7240 5432871 5209071 223800 223800
7250 5432871 5209071 223800 223800
7260 5432871 5209071 223800 223800
7270 5432871 5209071 223800 223800
7280 5432871 5209071 223800 223800
7290 5432871 5209071 223800 223800
7300 5432871 5209071 223800 223800
7310 5432871 5209071 223800 223800
7320 5432871 5209071 223800 223800
7330 5432871 5209071 223800 223800
7340 5432871 5209071 223800 223800
7350 5432871 5209071 223800 223800
7360 5432871 5209071 223800 223800
7370 5432871 5209071 223800 223800
7380 5432871 5209071 223800 223800
7390 5432871 5209071 223800 223800
7400 5432871 5209071 223800 223800
7410 5432871 5209071 223800 223800
7420 5432871 5209071 223800 223800
7430 5432871 5209071 223800 223800
7440 5432871 5209071 223800 223800
7450 5432871 5209071 223800 223800
7460 5432871 5209071 223800 223800
7470 5432871 5209071 223800 223800
7480 5432871 5209071 223800 223800
7490 5432871 5209071 223800 223800
7500 5432871 5209071 223800 223800
7510 5432871 5209071 223800 223800
7520 5432871 5209071 223800 223800
7530 5432871 5209071 223800 223800
7540 5432871 5209071 223800 223800
7550 5432871 5209071 223800 223800
7560 5432871 5209071 223800 223800
7570 5432871 5209071 223800 223800
7580 5432871 5209071 223800 223800
7590 5432871 5209071 223800 223800
7600 5432871 5209071 223800 223800
7610 5432871 5209071 223800 223800
7620 5432871 5209071 223800 223800
7630 5432871 5209071 223800 223800
7640 5432871 5209071 223800 223800
7650 5432871 5209071 223800 223800
7660 5432871 5209071 223800 223800
7670 5432871 5209071 223800 223800
7680 5432871 5209071 223800 223800
7690 5432871 5209071 223800 223800
7700 5432871 5209071 223800 223800
7710 5432871 5209071 223800 223800
7720 5432871 5209071 223800 223800
7730 5432871 5209071 223800 223800
7740 5432871 5209071 223800 223800
7750 5432871 5209071 223800 223800
7760 5432871 5209071 223800 223800
7770 5432871 5209071 223800 223800
7780 5432871 5209071 223800 223800
7790 5432871 5209071 223800 223800
7800 5432871 5209071 223800 223800
7810 5432871 5209071 223800 223800
7820 5432871 5209071 223800 223800
7830 5432871 5209071 223800 223800
7840 5432871 5209071 223800 223800
7850 5432871 5209071 223800 223800
7860 5432871 5209071 223800 223800
7870 5432871 5209071 223800 223800
7880 5432871 5209071 223800 223800
7890 5432871 5209071 223800 223800
7900 5432871 5209071 223800 223800
7910 5432871 5209071 223800 223800
7920 5432871 5209071 223800 223800
7930 5432871 5209071 223800 223800
7940 5432871 5209071 223800 223800
7950 5432871 5209071 223800 223800
7960 5432871 5209071 223800 223800
7970 5432871 5209071 223800 223800
7980 5432871 5209071 223800 223800
7990 5432871 5209071 223800 223800
8000 5432871 5209071 223800 223800
8010 5432871 5209071 223800 223800
8020 5432871 5209071 223800 223800
8030 5432871 5209071 223800 223800
8040 5432871 5209071 223800 223800
8050 5432871 5209071 223800 223800
8060 5432871 5209071 223800 223800
8070 5432871 5209071 223800 223800
8080 5432871 5209071 223800 223800
8090 5432871 5209071 223800 223800
8100 5432871 5209071 223800 223800
8110 5432871 5209071 223800 223800
8120 5432871 5209071 223800 223800
8130 5432871 5209071 223800 223800
8140 5432871 5209071 223800 223800
8150 5432871 5209071 223800 223800
8160 5432871 5209071 223800 223800
8170 5432871 5209071 223800 223800
8180 5432871 5209071 223800 223800
8190 5432871 5209071 223800 223800
8200 5432871 5209071 223800 223800
8210 5432871 5209071 223800 223800
8220 5432871 5209071 223800 223800
8230 5432871 5209071 223800 223800
8240 5432871 5209071 223800 223800
8250 5432871 5209071 223800 223800
8260 5432871 5209071 223800 223800
8270 5432871 5209071 223800 223800
8280 5432871 5209071 223800 223800
8290 5432871 5209071 223800 223800
8300 5432871 5209071 223800 223800
8310 5432871 5209071 223800 223800
8320 5432871 5209071 223800 223800
8330 5432871 5209071 223800 223800
8340 5432871 5209071 223800 223800
8350 5432871 5209071 223800 223800
8360 5432871 5209071 223800 223800
8370 5432871 5209071 223800 223800
8380 5432871 5209071 223800 223800
8390 5432871 5209071 223800 223800
8400 5432871 5209071 223800 223800
8410 5432871 5209071 223800 223800
8420 5432871 5209071 223800 223800
8430 5432871 5209071 223800 223800
8440 5432871 5209071 223800 223800
8450 5432871 5209071 223800 223800
8460 5432871 5209071 223800 223800
8470 5432871 5209071 223800 223800
8480 5432871 5209071 223800 223800
8490 5432871 5209071 223800 223800
8500 5432871 5209071 223800 223800
8510 5432871 5209071 223800 223800
8520 5432871 5209071 223800 223800
8530 5432871 5209071 223800 223800
8540 5432871 5209071 223800 223800
8550 5432871 5209071 223800 223800
8560 5432871 5209071 223800 223800
8570 5432871 5209071 223800 223800
8580 5432871 5209071 223800 223800
8590 5432871 5209071 223800 223800
8600 5432871 5209071 223800 223800
8610 5432871 5209071 223800 223800
8620 5432871 5209071 223800 223800
8630 5432871 5209071 223800 223800
8640 5432871 5209071 223800 223800
8650 5432871 5209071 223800 223800
8660 5432871 5209071 223800 223800
8670 5432871 5209071 223800 223800
8680 5432871 5209071 223800 223800
8690 5432871 5209071 223800 223800
8700 5432871 5209071 223800 223800
8710 5432871 5209071 223800 223800
8720 5432871 5209071 223800 223800
8730 5432871 5209071 223800 223800
8740 5432871 5209071 223800 223800
8750 5432871 5209071 223800 223800
8760 5432871 5209071 223800 223800
8770 5432871 5209071 223800 223800
8780 5432871 5209071 223800 223800
8790 5432871 5209071 223800 223800
8800 5432871 5209071 223800 223800
8810 5432871 5209071 223800 223800
8820 5432871 5209071 223800 223800
8830 5432871 5209071 223800 223800
8840 5432871 5209071 223800 223800
8850 5432871 5209071 223800 223800
8860 5432871 5209071 223800 223800
8870 5432871 5209071 223800 223800
8880 5432871 5209071 223800 223800
8890 5432871 5209071 223800 223800
8900 5432871 5209071 223800 223800
8910 5432871 5209071 223800 223800
8920 5432871 5209071 223800 223800
8930 5432871 5209071 223800 223800
8940 5432871 5209071 223800 223800
8950 5432871 5209071 223800 223800
8960 5432871 5209071 223800 223800
8970 5432871 5209071 223800 223800
8980 5432871 5209071 223800 223800
8990 5432871 5209071 223800 223800
9000 5432871 5209071 223800 223800
9010 5432871 5209071 223800 223800
9020 5432871 5209071 223800 223800
9030 5432871 5209071 223800 223800
9040 5432871 5209071 223800 223800
9050 5432871 5209071 223800 223800
9060 5432871 5209071 223800 223800
9070 5432871 5209071 223800 223800
9080 5432871 5209071 223800 223800
9090 5432871 5209071 223800 223800
9100 5432871 5209071 223800 223800
9110 5432871 5209071 223800 223800
9120 5432871 5209071 223800 223800
9130 5432871 5209071 223800 223800
9140 5432871 5209071 223800 223800
9150 5432871 5209071 223800 223800
9160 5432871 5209071 223800 223800
9170 5432871 5209071 223800 223800
9180 5432871 5209071 223800 223800
9190 5432871 5209071 223800 223800
9200 5432871 5209071 223800 223800
9210 5432871 5209071 223800 223800
9220 5432871 5209071 223800 223800
9230 5432871 5209071 223800 223800
9240 5432871 5209071 223800 223800
9250 5432871 5209071 223800 223800
9260 5432871 5209071 223800 223800
9270 5432871 5209071 223800 223800
9280 5432871 5209071 223800 223800
9290 5432871 5209071 223800 223800
9300 5432871 5209071 223800 223800
9310 5432871 5209071 223800 223800
9320 5432871 5209071 223800 223800
9330 5432871 5209071 223800 223800
9340 5432871 5209071 223800 223800
9350 5432871 5209071 223800 223800
9360 5432871 5209071 223800 223800
9370 5432871 5209071 223800 223800
9380 5432871 5209071 223800 223800
9390 5432871 5209071 223800 223800
9400 5432871 5209071 223800 223800
9410 5432871 5209071 223800 223800
9420 5432871 5209071 223800 223800
9430 5432871 5209071 223800 223800
9440 5432871 5209071 223800 223800
9450 5432871 5209071 223800 223800
9460 5432871 5209071 223800 223800
9470 5432871 5209071 223800 223800
9480 5432871 5209071 223800 223800
9490 5432871 5209071 223800 223800
9500 5432871 5209071 223800 223800
9510 5432871 5209071 223800 223800
9520 5432871 5209071 223800 223800
9530 5432871 5209071 223800 223800
9540 5432871 5209071 223800 223800
9550 5432871 5209071 223800 223800
9560 5432871 5209071 223800 223800
9570 5432871 5209071 223800 223800
9580 5432871 5209071 223800 223800
9590 5432871 5209071 223800 223800
9600 5432871 5209071 223800 223800
9610 5432871 5209071 223800 223800
9620 5432871 5209071 223800 223800
9630 5432871 5209071 223800 223800
9640 5432871 5209071 223800 223800
9650 5432871 5209071 223800 223800
9660 5432871 5209071 223800 223800
9670 5432871 5209071 223800 223800
9680 5432871 5209071 223800 223800
9690 5432871 5209071 223800 223800
9700 5432871 5209071 223800 223800
9710 5432871 5209071 223800 223800
9720 5432871 5209071 223800 223800
9730 5432871 5209071 223800 223800
9740 5432871 5209071 223800 223800
9750 5432871 5209071 223800 223800
9760 5432871 5209071 223800 223800
9770 5432871 5209071 223800 223800
9780 5432871 5209071 223800 223800
9790 5432871 5209071 223800 223800
9800 5432871 5209071 223800 223800
9810 5432871 5209071 223800 223800
9820 5432871 5209071 223800 223800
9830 5432871 5209071 223800 223800
9840 5432871 5209071 223800 223800
9850 5432871 5209071 223800 223800
9860 5432871 5209071 223800 223800
9870 5432871 5209071 223800 223800
9880 5432871 5209071 223800 223800
9890 5432871 5209071 223800 223800
9900 5432871 5209071 223800 223800
9910 5432871 5209071 223800 223800
9920 5432871 5209071 223800 223800
9930 5432871 5209071 223800 223800
9940 5432871 5209071 223800 223800
9950 5432871 5209071 223800 223800
9960 5432871 5209071 223800 223800
9970 5432871 5209071 223800 223800
9980 5432871 5209071 223800 223800
9990 5432871 5209071 223800 223800
10000 5432871 5209071 223800 223800
10010 5432871 5209071 223800 223800
10020 5432871 5209071 223800 223800
10030 5432871 5209071 223800 223800
10040 5432871 5209071 223800 223800
10050 5432871 5209071 223800 223800
10060 5432871 5209071 223800 223800
10070 5432871 5209071 223800 223800
10080 5432871 5209071 223800 223800
10090 5432871 5209071 223800 223800
10100 5432871 5209071 223800 223800
10110 5432871 5209071 223800 223800
10120 5432871 5209071 223800 223800
10130 5432871 5209071 223800 223800
10140 5432871 5209071 223800 223800
10150 5432871 5209071 223800 223800
10160 5432871 5209071 223800 223800
10170 5432871 5209071 223800 223800
10180 5432871 5209071 223800 223800
10190 5432871 5209071 223800 223800
10200 5432871 5209071 223800 223800
10210 5432871 5209071 223800 223800
10220 5432871 5209071 223800 223800
10230 5432871 5209071 223800 223800
10240 5432871 5209071 223800 223800
10250 5432871 5209071 223800 223800
10260 5432871 5209071 223800 223800
10270 5432871 5209071 223800 223800
10280 5432871 5209071 223800 223800
10290 5432871 5209071 223800 223800
10300 5432871 5209071 223800 223800
10310 5432871 5209071 223800 223800
10320 5432871 5209071 223800 223800
10330 5432871 5209071 223800 223800
10340 5432871 5209071 223800 223800
10350 5432871 5209071 223800 223800
10360 5432871 5209071 223800 223800
10370 5432871 5209071 223800 223800
10380 5432871 5209071 223800 223800
10390 5432871 5209071 223800 223800
10400 5432871 5209071 223800 223800
10410 5432871 5209071 223800 223800
10420 5432871 5209071 223800 223800
10430 5432871 5209071 223800 223800
10440 5432871 5209071 223800 223800
10450 5432871 5209071 223800 223800
10460 5432871 5209071 223800 223800
10470 5432871 5209071 223800 223800
10480 5432871 5209071 223800 223800
10490 5432871 5209071 223800 223800
10500 5432871 5209071 223800 223800
10510 5432871 5209071 223800 223800
10520 5432871 5209071 223800 223800
10530 5432871 5209071 223800 223800
10540 5432871 5209071 223800 223800
10550 5432871 5209071 223800 223800
10560 5432871 5209071 223800 223800
10570 5432871 5209071 223800 223800
10580 5432871 5209071 223800 223800
10590 5432871 5209071 223800 223800
10600 5432871 5209071 223800 223800
10610 5432871 5209071 223800 223800
10620 5432871 5209071 223800 223800
10630 5432871 5209071 223800 223800
10640 5432871 5209071 223800 223800
10650 5432871 5209071 223800 223800
10660 5432871 5209071 223800 223800
10670 5432871 5209071 223800 223800
10680 5432871 5209071 223800 223800
10690 5432871 5209071 223800 223800
10700 5432871 5209071 223800 223800
10710 5432871 5209071 223800 223800
10720 5432871 5209071 223800 223800
10730 5432871 5209071 223800 223800
10740 5432871 5209071 223800 223800
10750 5432871 5209071 223800 223800
10760 5432871 5209071 223800 223800
10770 5432871 5209071 223800 223800
10780 5432871 5209071 223800 223800
10790 5432871 5209071 223800 223800
10800 5432871 5209071 223800 223800
10810 5432871 5209071 223800 223800
10820 5432871 5209071 223800 223800
10830 5432871 5209071 223800 223800
10840 5432871 5209071 223800 223800
10850 5432871 5209071 223800 223800
10860 5432871 5209071 223800 223800
10870 5432871 5209071 223800 223800
10880 5432871 5209071 223800 223800
10890 5432871 5209071 223800 223800
10900 5432871 5209071 223800 223800
10910 5432871 5209071 223800 223800
10920 5432871 5209071 223800 223800
10930 5432871 5209071 223800 223800
10940 5432871 5209071 223800 223800
10950 5432871 5209071 223800 223800
10960 5432871 5209071 223800 223800
10970 5432871 5209071 223800 223800
10980 5432871 5209071 223800 223800
10990 5432871 5209071 223800 223800
11000 5432871 5209071 223800 223800
11010 5432871 5209071 223800 223800
11020 5432871 5209071 223800 223800
11030 5432871 5209071 223800 223800
11040 5432871 5209071 223800 223800
11050 5432871 5209071 223800 223800
11060 5432871 5209071 223800 223800
11070 5432871 5209071 223800 223800
11080 5432871 5209071 223800 223800
11090 5432871 5209071 223800 223800
11100 5432871 5209071 223800 223800
11110 5432871 5209071 223800 223800
11120 5432871 5209071 223800 223800
11130 5432871 5209071 223800 223800
11140 5432871 5209071 223800 223800
11150 5432871 5209071 223800 223800
11160 5432871 5209071 223800 223800
11170 5432871 5209071 223800 223800
11180 5432871 5209071 223800 223800
11190 5432871 5209071 223800 223800
11200 5432871 5209071 223800 223800
11210 5432871 5209071 223800 223800
11220 5432871 5209071 223800 223800
11230 5432871 5209071 223800 223800
11240 5432871 5209071 223800 223800
11250 5432871 5209071 223800 223800
11260 5432871 5209071 223800 223800
11270 5432871 5209071 223800 223800
11280 5432871 5209071 223800 223800
11290 5432871 5209071 223800 223800
11300 5432871 5209071 223800 223800
11310 5432871 5209071 223800 223800
11320 5432871 5209071 223800 223800
11330 5432871 5209071 223800 223800
11340 5432871 5209071 223800 223800
11350 5432871 5209071 223800 223800
11360 5432871 5209071 223800 223800
11370 5432871 5209071 223800 223800
11380 5432871 5209071 223800 223800
11390 5432871 5209071 223800 223800
11400 5432871 5209071 223800 223800
11410 5432871 5209071 223800 223800
11420 5432871 5209071 223800 223800
11430 5432871 5209071 223800 223800
11440 5432871 5209071 223800 223800
11450 5432871 5209071 223800 223800
11460 5432871 5209071 223800 223800
11470 5432871 5209071 223800 223800
11480 5432871 5209071 223800 223800
11490 5432871 5209071 223800 223800
11500 5432871 5209071 223800 223800
11510 5432871 5209071 223800 223800
11520 5432871 5209071 223800 223800
11530 5432871 5209071 223800 223800
11540 5432871 5209071 223800 223800
11550 5432871 5209071 223800 223800
11560 5432871 5209071 223800 223800
11570 5432871 5209071 223800 223800
11580 5432871 5209071 223800 223800
11590 5432871 5209071 223800 223800
11600 5432871 5209071 223800 223800
11610 5432871 5209071 223800 223800
11620 5432871 5209071 223800 223800
11630 5432871 5209071 223800 223800
11640 5432871 5209071 223800 223800
11650 5432871 5209071 223800 223800
11660 5432871 5209071 223800 223800
11670 5432871 5209071 223800 223800
11680 5432871 5209071 223800 223800
11690 5432871 5209071 223800 223800
11700 5432871 5209071 223800 223800
11710 5432871 5209071 223800 223800
11720 5432871 5209071 223800 223800
11730 5432871 5209071 223800 223800
11740 5432871 5209071 223800 223800
11750 5432871 5209071 223800 223800
11760 5432871 5209071 223800 223800
11770 5432871 5209071 223800 223800
11780 5432871 5209071 223800 223800
11790 5432871 5209071 223800 223800
11800 5432871 5209071 223800 223800
11810 5432871 5209071 223800 223800
11820 5432871 5209071 223800 223800
11830 5432871 5209071 223800 223800
11840 5432871 5209071 223800 223800
11850 5432871 5209071 223800 223800
11860 5432871 5209071 223800 223800
11870 5432871 5209071 223800 223800
11880 5432871 5209071 223800 223800
11890 5432871 5209071 223800 223800
11900 5432871 5209071 223800 223800
11910 5432871 5209071 223800 223800
11920 5432871 5209071 223800 223800
11930 5432871 5209071 223800 223800
11940 5432871 5209071 223800 223800
11950 5432871 5209071 223800 223800
11960 5432871 5209071 223800 223800
11970 5432871 5209071 223800 223800
11980 5432871 5209071 223800 223800
11990 5432871 5209071 223800 223800
12000 5432871 5209071 223800 223800
12010 5432871 5209071 223800 223800
12020 5432871 5209071 223800 223800
12030 5432871 5209071 223800 223800
12040 5432871 5209071 223800 223800
12050 5432871 5209071 223800 223800
12060 5432871 5209071 223800 223800
12070 5432871 5209071 223800 223800
12080 5432871 5209071 223800 223800
12090 5432871 5209071 223800 223800
12100 5432871 5209071 223800 223800
12110 5432871 5209071 223800 223800
12120 5432871 5209071 223800 223800
12130 5432871 5209071 223800 223800
12140 5432871 5209071 223800 223800
12150 5432871 5209071 223800 223800
12160 5432871 5209071 223800 223800
12170 5432871 5209071 223800 223800
12180 5432871 5209071 223800 223800
12190 5432871 5209071 223800 223800
12200 5432871 5209071 223800 223800
12210 5432871 5209071 223800 223800
12220 5432871 5209071 223800 223800
12230 5432871 5209071 223800 223800
12240 5432871 5209071 223800 223800
12250 5432871 5209071 223800 223800
12260 5432871 5209071 223800 223800
12270 5432871 5209071 223800 223800
12280 5432871 5209071 223800 223800
12290 5432871 5209071 223800 223800
12300 5432871 5209071 223800 223800
12310 5432871 5209071 223800 223800
12320 5432871 5209071 223800 223800
12330 5432871 5209071 223800 223800
12340 5432871 5209071 223800 223800
12350 5432871 5209071 223800 223800
12360 5432871 5209071 223800 223800
12370 5432871 5209071 223800 223800
12380 5432871 5209071 223800 223800
12390 5432871 5209071 223800 223800
12400 5432871 5209071 223800 223800
12410 5432871 5209071 223800 223800
12420 5432871 5209071 223800 223800
12430 5432871 5209071 223800 223800
12440 5432871 5209071 223800 223800
12450 5432871 5209071 223800 223800
12460 5432871 5209071 223800 223800
12470 5432871 5209071 223800 223800
12480 5432871 5209071 223800 223800
12490 5432871 5209071 223800 223800
12500 5432871 5209071 223800 223800
12510 5432871 5209071 223800 223800
12520 5432871 5209071 223800 223800
12530 5432871 5209071 223800 223800

