Optimal path [nodeId(time to the node):
17(0) -> 90(142) -> 56(136) -> 55(137) -> 22(148) -> 99(141) -> 98(143) -> 86(136) -> 77(130) -> 87(141) -> 79(127) -> 42(154) -> 33(148) -> 39(138) -> 8(149) -> 38(147) -> 24(141) -> 30(121) -> 21(124) -> 67(175) -> 43(135) -> 51(130) -> 1(118) -> 58(132) -> 45(147) -> 93(139) -> 46(114) -> 59(143) -> 41(142) -> 94(147) -> 12(139) -> 85(117) -> 95(140) -> 48(142) -> 0(148) -> 73(146) -> 81(138) -> 78(159) -> 71(130) -> 53(108) -> 25(152) -> 10(146) -> 19(135) -> 15(174) -> 52(120) -> 9(153) -> 54(136) -> 47(141) -> 92(121) -> 4(122) -> 50(124) -> 28(134) -> 34(153) -> 3(137) -> 26(154) -> 96(138) -> 40(154) -> 76(148) -> 68(141) -> 44(133) -> 89(148) -> 63(161) -> 65(131) -> 49(158) -> 27(160) -> 60(125) -> 5(170) -> 88(145) -> 31(128) -> 83(167) -> 16(133) -> 6(158) -> 66(128) -> 97(148) -> 82(137) -> 36(144) -> 14(127) -> 69(145) -> 72(145) -> 2(167) -> 84(150) -> 64(157) -> 18(159) -> 75(131) -> 32(141) -> 74(138) -> 61(125) -> 70(142) -> 91(126) -> 20(159) -> 62(154) -> 23(145) -> 35(134) -> 37(171) -> 11(122) -> 80(123) -> 7(146) -> 57(147) -> 29(131) -> 13(139)
Total time of delivery: 13973
The cost function value: 5249639

Statistics at the end of simulation: 
Residents: 5432871
Illness cases: 5249640 --> [96.62736332226552%]
Healthy residents: 183231 --> [3.372636677734479%]
Vaccinated residents183231 --> [3.372636677734479%]

Statistics of each node: 
id residentsNumber illnessCases healthyResidents vaccinated
17 27216 1 27215 27215
90 80008 69 79939 79939
56 80108 4031 76077 76077
55 88344 88344 0 0
22 73621 73621 0 0
99 28053 28053 0 0
98 93006 93006 0 0
86 26732 26732 0 0
77 28452 28452 0 0
87 20655 20655 0 0
79 84379 84379 0 0
42 68898 68898 0 0
33 13135 13135 0 0
39 32804 32804 0 0
8 45160 45160 0 0
38 33030 33030 0 0
24 37355 37355 0 0
30 67192 67192 0 0
21 82806 82806 0 0
67 37842 37842 0 0
43 79446 79446 0 0
51 94699 94699 0 0
1 49456 49456 0 0
58 16081 16081 0 0
45 46217 46217 0 0
93 39916 39916 0 0
46 73816 73816 0 0
59 83546 83546 0 0
41 91808 91808 0 0
94 76894 76894 0 0
12 79926 79926 0 0
85 44972 44972 0 0
95 71066 71066 0 0
48 13555 13555 0 0
0 59902 59902 0 0
73 49077 49077 0 0
81 89526 89526 0 0
78 57716 57716 0 0
71 23666 23666 0 0
53 61988 61988 0 0
25 67586 67586 0 0
10 95932 95932 0 0
19 87851 87851 0 0
15 78003 78003 0 0
52 63153 63153 0 0
9 60305 60305 0 0
54 69376 69376 0 0
47 98952 98952 0 0
92 24523 24523 0 0
4 56018 56018 0 0
50 30829 30829 0 0
28 91749 91749 0 0
34 28894 28894 0 0
3 57882 57882 0 0
26 26605 26605 0 0
96 73344 73344 0 0
40 31222 31222 0 0
76 31382 31382 0 0
68 42462 42462 0 0
44 15573 15573 0 0
89 68284 68284 0 0
63 51706 51706 0 0
65 70610 70610 0 0
49 19584 19584 0 0
27 80174 80174 0 0
60 91794 91794 0 0
5 15364 15364 0 0
88 37474 37474 0 0
31 69146 69146 0 0
83 46841 46841 0 0
16 82700 82700 0 0
6 12672 12672 0 0
66 26230 26230 0 0
97 86845 86845 0 0
82 15231 15231 0 0
36 85682 85682 0 0
14 81887 81887 0 0
69 66112 66112 0 0
72 90063 90063 0 0
2 43074 43074 0 0
84 70627 70627 0 0
64 22353 22353 0 0
18 16978 16978 0 0
75 26017 26017 0 0
32 59165 59165 0 0
74 81649 81649 0 0
61 25643 25643 0 0
70 36163 36163 0 0
91 32862 32862 0 0
20 48774 48774 0 0
62 19500 19500 0 0
23 20873 20873 0 0
35 96767 96767 0 0
37 51694 51694 0 0
11 84816 84816 0 0
80 67722 67722 0 0
7 29243 29243 0 0
57 39724 39724 0 0
29 15814 15814 0 0
13 61304 61304 0 0

Statistics step by step: 
minute residentsNumber illnessCases healthyResidents vaccinated
0 5432871 100 5432771 27215
10 5432871 100 5432771 27215
20 5432871 100 5432771 27215
30 5432871 199 5432672 27215
40 5432871 298 5432573 27215
50 5432871 397 5432474 27215
60 5432871 595 5432276 27215
70 5432871 793 5432078 27215
80 5432871 991 5431880 27215
90 5432871 1387 5431484 27215
100 5432871 1882 5430989 27215
110 5432871 2575 5430296 27215
120 5432871 3565 5429306 27215
130 5432871 4753 5428118 27215
140 5432871 6436 5426435 27215
150 5432871 8694 5424177 107154
160 5432871 11634 5421237 107154
170 5432871 15750 5417121 107154
180 5432871 21238 5411633 107154
190 5432871 28588 5404283 107154
200 5432871 38486 5394385 107154
210 5432871 51912 5380959 107154
220 5432871 69944 5362927 107154
230 5432871 94248 5338623 107154
240 5432871 127078 5305793 107154
250 5432871 171276 5261595 107154
260 5432871 230762 5202109 107154
270 5432871 311122 5121749 107154
280 5432871 419164 5013707 183231
290 5432871 563597 4869274 183231
300 5432871 758373 4674498 183231
310 5432871 1020855 4412016 183231
320 5432871 1371589 4061282 183231
330 5432871 1814640 3618231 183231
340 5432871 2369301 3063570 183231
350 5432871 3011982 2420889 183231
360 5432871 3744095 1688776 183231
370 5432871 4528415 904456 183231
380 5432871 5153491 279380 183231
390 5432871 5249640 183231 183231
400 5432871 5249640 183231 183231
410 5432871 5249640 183231 183231
420 5432871 5249640 183231 183231
430 5432871 5249640 183231 183231
440 5432871 5249640 183231 183231
450 5432871 5249640 183231 183231
460 5432871 5249640 183231 183231
470 5432871 5249640 183231 183231
480 5432871 5249640 183231 183231
490 5432871 5249640 183231 183231
500 5432871 5249640 183231 183231
510 5432871 5249640 183231 183231
520 5432871 5249640 183231 183231
530 5432871 5249640 183231 183231
540 5432871 5249640 183231 183231
550 5432871 5249640 183231 183231
560 5432871 5249640 183231 183231
570 5432871 5249640 183231 183231
580 5432871 5249640 183231 183231
590 5432871 5249640 183231 183231
600 5432871 5249640 183231 183231
610 5432871 5249640 183231 183231
620 5432871 5249640 183231 183231
630 5432871 5249640 183231 183231
640 5432871 5249640 183231 183231
650 5432871 5249640 183231 183231
660 5432871 5249640 183231 183231
670 5432871 5249640 183231 183231
680 5432871 5249640 183231 183231
690 5432871 5249640 183231 183231
700 5432871 5249640 183231 183231
710 5432871 5249640 183231 183231
720 5432871 5249640 183231 183231
730 5432871 5249640 183231 183231
740 5432871 5249640 183231 183231
750 5432871 5249640 183231 183231
760 5432871 5249640 183231 183231
770 5432871 5249640 183231 183231
780 5432871 5249640 183231 183231
790 5432871 5249640 183231 183231
800 5432871 5249640 183231 183231
810 5432871 5249640 183231 183231
820 5432871 5249640 183231 183231
830 5432871 5249640 183231 183231
840 5432871 5249640 183231 183231
850 5432871 5249640 183231 183231
860 5432871 5249640 183231 183231
870 5432871 5249640 183231 183231
880 5432871 5249640 183231 183231
890 5432871 5249640 183231 183231
900 5432871 5249640 183231 183231
910 5432871 5249640 183231 183231
920 5432871 5249640 183231 183231
930 5432871 5249640 183231 183231
940 5432871 5249640 183231 183231
950 5432871 5249640 183231 183231
960 5432871 5249640 183231 183231
970 5432871 5249640 183231 183231
980 5432871 5249640 183231 183231
990 5432871 5249640 183231 183231
1000 5432871 5249640 183231 183231
1010 5432871 5249640 183231 183231
1020 5432871 5249640 183231 183231
1030 5432871 5249640 183231 183231
1040 5432871 5249640 183231 183231
1050 5432871 5249640 183231 183231
1060 5432871 5249640 183231 183231
1070 5432871 5249640 183231 183231
1080 5432871 5249640 183231 183231
1090 5432871 5249640 183231 183231
1100 5432871 5249640 183231 183231
1110 5432871 5249640 183231 183231
1120 5432871 5249640 183231 183231
1130 5432871 5249640 183231 183231
1140 5432871 5249640 183231 183231
1150 5432871 5249640 183231 183231
1160 5432871 5249640 183231 183231
1170 5432871 5249640 183231 183231
1180 5432871 5249640 183231 183231
1190 5432871 5249640 183231 183231
1200 5432871 5249640 183231 183231
1210 5432871 5249640 183231 183231
1220 5432871 5249640 183231 183231
1230 5432871 5249640 183231 183231
1240 5432871 5249640 183231 183231
1250 5432871 5249640 183231 183231
1260 5432871 5249640 183231 183231
1270 5432871 5249640 183231 183231
1280 5432871 5249640 183231 183231
1290 5432871 5249640 183231 183231
1300 5432871 5249640 183231 183231
1310 5432871 5249640 183231 183231
1320 5432871 5249640 183231 183231
1330 5432871 5249640 183231 183231
1340 5432871 5249640 183231 183231
1350 5432871 5249640 183231 183231
1360 5432871 5249640 183231 183231
1370 5432871 5249640 183231 183231
1380 5432871 5249640 183231 183231
1390 5432871 5249640 183231 183231
1400 5432871 5249640 183231 183231
1410 5432871 5249640 183231 183231
1420 5432871 5249640 183231 183231
1430 5432871 5249640 183231 183231
1440 5432871 5249640 183231 183231
1450 5432871 5249640 183231 183231
1460 5432871 5249640 183231 183231
1470 5432871 5249640 183231 183231
1480 5432871 5249640 183231 183231
1490 5432871 5249640 183231 183231
1500 5432871 5249640 183231 183231
1510 5432871 5249640 183231 183231
1520 5432871 5249640 183231 183231
1530 5432871 5249640 183231 183231
1540 5432871 5249640 183231 183231
1550 5432871 5249640 183231 183231
1560 5432871 5249640 183231 183231
1570 5432871 5249640 183231 183231
1580 5432871 5249640 183231 183231
1590 5432871 5249640 183231 183231
1600 5432871 5249640 183231 183231
1610 5432871 5249640 183231 183231
1620 5432871 5249640 183231 183231
1630 5432871 5249640 183231 183231
1640 5432871 5249640 183231 183231
1650 5432871 5249640 183231 183231
1660 5432871 5249640 183231 183231
1670 5432871 5249640 183231 183231
1680 5432871 5249640 183231 183231
1690 5432871 5249640 183231 183231
1700 5432871 5249640 183231 183231
1710 5432871 5249640 183231 183231
1720 5432871 5249640 183231 183231
1730 5432871 5249640 183231 183231
1740 5432871 5249640 183231 183231
1750 5432871 5249640 183231 183231
1760 5432871 5249640 183231 183231
1770 5432871 5249640 183231 183231
1780 5432871 5249640 183231 183231
1790 5432871 5249640 183231 183231
1800 5432871 5249640 183231 183231
1810 5432871 5249640 183231 183231
1820 5432871 5249640 183231 183231
1830 5432871 5249640 183231 183231
1840 5432871 5249640 183231 183231
1850 5432871 5249640 183231 183231
1860 5432871 5249640 183231 183231
1870 5432871 5249640 183231 183231
1880 5432871 5249640 183231 183231
1890 5432871 5249640 183231 183231
1900 5432871 5249640 183231 183231
1910 5432871 5249640 183231 183231
1920 5432871 5249640 183231 183231
1930 5432871 5249640 183231 183231
1940 5432871 5249640 183231 183231
1950 5432871 5249640 183231 183231
1960 5432871 5249640 183231 183231
1970 5432871 5249640 183231 183231
1980 5432871 5249640 183231 183231
1990 5432871 5249640 183231 183231
2000 5432871 5249640 183231 183231
2010 5432871 5249640 183231 183231
2020 5432871 5249640 183231 183231
2030 5432871 5249640 183231 183231
2040 5432871 5249640 183231 183231
2050 5432871 5249640 183231 183231
2060 5432871 5249640 183231 183231
2070 5432871 5249640 183231 183231
2080 5432871 5249640 183231 183231
2090 5432871 5249640 183231 183231
2100 5432871 5249640 183231 183231
2110 5432871 5249640 183231 183231
2120 5432871 5249640 183231 183231
2130 5432871 5249640 183231 183231
2140 5432871 5249640 183231 183231
2150 5432871 5249640 183231 183231
2160 5432871 5249640 183231 183231
2170 5432871 5249640 183231 183231
2180 5432871 5249640 183231 183231
2190 5432871 5249640 183231 183231
2200 5432871 5249640 183231 183231
2210 5432871 5249640 183231 183231
2220 5432871 5249640 183231 183231
2230 5432871 5249640 183231 183231
2240 5432871 5249640 183231 183231
2250 5432871 5249640 183231 183231
2260 5432871 5249640 183231 183231
2270 5432871 5249640 183231 183231
2280 5432871 5249640 183231 183231
2290 5432871 5249640 183231 183231
2300 5432871 5249640 183231 183231
2310 5432871 5249640 183231 183231
2320 5432871 5249640 183231 183231
2330 5432871 5249640 183231 183231
2340 5432871 5249640 183231 183231
2350 5432871 5249640 183231 183231
2360 5432871 5249640 183231 183231
2370 5432871 5249640 183231 183231
2380 5432871 5249640 183231 183231
2390 5432871 5249640 183231 183231
2400 5432871 5249640 183231 183231
2410 5432871 5249640 183231 183231
2420 5432871 5249640 183231 183231
2430 5432871 5249640 183231 183231
2440 5432871 5249640 183231 183231
2450 5432871 5249640 183231 183231
2460 5432871 5249640 183231 183231
2470 5432871 5249640 183231 183231
2480 5432871 5249640 183231 183231
2490 5432871 5249640 183231 183231
2500 5432871 5249640 183231 183231
2510 5432871 5249640 183231 183231
2520 5432871 5249640 183231 183231
2530 5432871 5249640 183231 183231
2540 5432871 5249640 183231 183231
2550 5432871 5249640 183231 183231
2560 5432871 5249640 183231 183231
2570 5432871 5249640 183231 183231
2580 5432871 5249640 183231 183231
2590 5432871 5249640 183231 183231
2600 5432871 5249640 183231 183231
2610 5432871 5249640 183231 183231
2620 5432871 5249640 183231 183231
2630 5432871 5249640 183231 183231
2640 5432871 5249640 183231 183231
2650 5432871 5249640 183231 183231
2660 5432871 5249640 183231 183231
2670 5432871 5249640 183231 183231
2680 5432871 5249640 183231 183231
2690 5432871 5249640 183231 183231
2700 5432871 5249640 183231 183231
2710 5432871 5249640 183231 183231
2720 5432871 5249640 183231 183231
2730 5432871 5249640 183231 183231
2740 5432871 5249640 183231 183231
2750 5432871 5249640 183231 183231
2760 5432871 5249640 183231 183231
2770 5432871 5249640 183231 183231
2780 5432871 5249640 183231 183231
2790 5432871 5249640 183231 183231
2800 5432871 5249640 183231 183231
2810 5432871 5249640 183231 183231
2820 5432871 5249640 183231 183231
2830 5432871 5249640 183231 183231
2840 5432871 5249640 183231 183231
2850 5432871 5249640 183231 183231
2860 5432871 5249640 183231 183231
2870 5432871 5249640 183231 183231
2880 5432871 5249640 183231 183231
2890 5432871 5249640 183231 183231
2900 5432871 5249640 183231 183231
2910 5432871 5249640 183231 183231
2920 5432871 5249640 183231 183231
2930 5432871 5249640 183231 183231
2940 5432871 5249640 183231 183231
2950 5432871 5249640 183231 183231
2960 5432871 5249640 183231 183231
2970 5432871 5249640 183231 183231
2980 5432871 5249640 183231 183231
2990 5432871 5249640 183231 183231
3000 5432871 5249640 183231 183231
3010 5432871 5249640 183231 183231
3020 5432871 5249640 183231 183231
3030 5432871 5249640 183231 183231
3040 5432871 5249640 183231 183231
3050 5432871 5249640 183231 183231
3060 5432871 5249640 183231 183231
3070 5432871 5249640 183231 183231
3080 5432871 5249640 183231 183231
3090 5432871 5249640 183231 183231
3100 5432871 5249640 183231 183231
3110 5432871 5249640 183231 183231
3120 5432871 5249640 183231 183231
3130 5432871 5249640 183231 183231
3140 5432871 5249640 183231 183231
3150 5432871 5249640 183231 183231
3160 5432871 5249640 183231 183231
3170 5432871 5249640 183231 183231
3180 5432871 5249640 183231 183231
3190 5432871 5249640 183231 183231
3200 5432871 5249640 183231 183231
3210 5432871 5249640 183231 183231
3220 5432871 5249640 183231 183231
3230 5432871 5249640 183231 183231
3240 5432871 5249640 183231 183231
3250 5432871 5249640 183231 183231
3260 5432871 5249640 183231 183231
3270 5432871 5249640 183231 183231
3280 5432871 5249640 183231 183231
3290 5432871 5249640 183231 183231
3300 5432871 5249640 183231 183231
3310 5432871 5249640 183231 183231
3320 5432871 5249640 183231 183231
3330 5432871 5249640 183231 183231
3340 5432871 5249640 183231 183231
3350 5432871 5249640 183231 183231
3360 5432871 5249640 183231 183231
3370 5432871 5249640 183231 183231
3380 5432871 5249640 183231 183231
3390 5432871 5249640 183231 183231
3400 5432871 5249640 183231 183231
3410 5432871 5249640 183231 183231
3420 5432871 5249640 183231 183231
3430 5432871 5249640 183231 183231
3440 5432871 5249640 183231 183231
3450 5432871 5249640 183231 183231
3460 5432871 5249640 183231 183231
3470 5432871 5249640 183231 183231
3480 5432871 5249640 183231 183231
3490 5432871 5249640 183231 183231
3500 5432871 5249640 183231 183231
3510 5432871 5249640 183231 183231
3520 5432871 5249640 183231 183231
3530 5432871 5249640 183231 183231
3540 5432871 5249640 183231 183231
3550 5432871 5249640 183231 183231
3560 5432871 5249640 183231 183231
3570 5432871 5249640 183231 183231
3580 5432871 5249640 183231 183231
3590 5432871 5249640 183231 183231
3600 5432871 5249640 183231 183231
3610 5432871 5249640 183231 183231
3620 5432871 5249640 183231 183231
3630 5432871 5249640 183231 183231
3640 5432871 5249640 183231 183231
3650 5432871 5249640 183231 183231
3660 5432871 5249640 183231 183231
3670 5432871 5249640 183231 183231
3680 5432871 5249640 183231 183231
3690 5432871 5249640 183231 183231
3700 5432871 5249640 183231 183231
3710 5432871 5249640 183231 183231
3720 5432871 5249640 183231 183231
3730 5432871 5249640 183231 183231
3740 5432871 5249640 183231 183231
3750 5432871 5249640 183231 183231
3760 5432871 5249640 183231 183231
3770 5432871 5249640 183231 183231
3780 5432871 5249640 183231 183231
3790 5432871 5249640 183231 183231
3800 5432871 5249640 183231 183231
3810 5432871 5249640 183231 183231
3820 5432871 5249640 183231 183231
3830 5432871 5249640 183231 183231
3840 5432871 5249640 183231 183231
3850 5432871 5249640 183231 183231
3860 5432871 5249640 183231 183231
3870 5432871 5249640 183231 183231
3880 5432871 5249640 183231 183231
3890 5432871 5249640 183231 183231
3900 5432871 5249640 183231 183231
3910 5432871 5249640 183231 183231
3920 5432871 5249640 183231 183231
3930 5432871 5249640 183231 183231
3940 5432871 5249640 183231 183231
3950 5432871 5249640 183231 183231
3960 5432871 5249640 183231 183231
3970 5432871 5249640 183231 183231
3980 5432871 5249640 183231 183231
3990 5432871 5249640 183231 183231
4000 5432871 5249640 183231 183231
4010 5432871 5249640 183231 183231
4020 5432871 5249640 183231 183231
4030 5432871 5249640 183231 183231
4040 5432871 5249640 183231 183231
4050 5432871 5249640 183231 183231
4060 5432871 5249640 183231 183231
4070 5432871 5249640 183231 183231
4080 5432871 5249640 183231 183231
4090 5432871 5249640 183231 183231
4100 5432871 5249640 183231 183231
4110 5432871 5249640 183231 183231
4120 5432871 5249640 183231 183231
4130 5432871 5249640 183231 183231
4140 5432871 5249640 183231 183231
4150 5432871 5249640 183231 183231
4160 5432871 5249640 183231 183231
4170 5432871 5249640 183231 183231
4180 5432871 5249640 183231 183231
4190 5432871 5249640 183231 183231
4200 5432871 5249640 183231 183231
4210 5432871 5249640 183231 183231
4220 5432871 5249640 183231 183231
4230 5432871 5249640 183231 183231
4240 5432871 5249640 183231 183231
4250 5432871 5249640 183231 183231
4260 5432871 5249640 183231 183231
4270 5432871 5249640 183231 183231
4280 5432871 5249640 183231 183231
4290 5432871 5249640 183231 183231
4300 5432871 5249640 183231 183231
4310 5432871 5249640 183231 183231
4320 5432871 5249640 183231 183231
4330 5432871 5249640 183231 183231
4340 5432871 5249640 183231 183231
4350 5432871 5249640 183231 183231
4360 5432871 5249640 183231 183231
4370 5432871 5249640 183231 183231
4380 5432871 5249640 183231 183231
4390 5432871 5249640 183231 183231
4400 5432871 5249640 183231 183231
4410 5432871 5249640 183231 183231
4420 5432871 5249640 183231 183231
4430 5432871 5249640 183231 183231
4440 5432871 5249640 183231 183231
4450 5432871 5249640 183231 183231
4460 5432871 5249640 183231 183231
4470 5432871 5249640 183231 183231
4480 5432871 5249640 183231 183231
4490 5432871 5249640 183231 183231
4500 5432871 5249640 183231 183231
4510 5432871 5249640 183231 183231
4520 5432871 5249640 183231 183231
4530 5432871 5249640 183231 183231
4540 5432871 5249640 183231 183231
4550 5432871 5249640 183231 183231
4560 5432871 5249640 183231 183231
4570 5432871 5249640 183231 183231
4580 5432871 5249640 183231 183231
4590 5432871 5249640 183231 183231
4600 5432871 5249640 183231 183231
4610 5432871 5249640 183231 183231
4620 5432871 5249640 183231 183231
4630 5432871 5249640 183231 183231
4640 5432871 5249640 183231 183231
4650 5432871 5249640 183231 183231
4660 5432871 5249640 183231 183231
4670 5432871 5249640 183231 183231
4680 5432871 5249640 183231 183231
4690 5432871 5249640 183231 183231
4700 5432871 5249640 183231 183231
4710 5432871 5249640 183231 183231
4720 5432871 5249640 183231 183231
4730 5432871 5249640 183231 183231
4740 5432871 5249640 183231 183231
4750 5432871 5249640 183231 183231
4760 5432871 5249640 183231 183231
4770 5432871 5249640 183231 183231
4780 5432871 5249640 183231 183231
4790 5432871 5249640 183231 183231
4800 5432871 5249640 183231 183231
4810 5432871 5249640 183231 183231
4820 5432871 5249640 183231 183231
4830 5432871 5249640 183231 183231
4840 5432871 5249640 183231 183231
4850 5432871 5249640 183231 183231
4860 5432871 5249640 183231 183231
4870 5432871 5249640 183231 183231
4880 5432871 5249640 183231 183231
4890 5432871 5249640 183231 183231
4900 5432871 5249640 183231 183231
4910 5432871 5249640 183231 183231
4920 5432871 5249640 183231 183231
4930 5432871 5249640 183231 183231
4940 5432871 5249640 183231 183231
4950 5432871 5249640 183231 183231
4960 5432871 5249640 183231 183231
4970 5432871 5249640 183231 183231
4980 5432871 5249640 183231 183231
4990 5432871 5249640 183231 183231
5000 5432871 5249640 183231 183231
5010 5432871 5249640 183231 183231
5020 5432871 5249640 183231 183231
5030 5432871 5249640 183231 183231
5040 5432871 5249640 183231 183231
5050 5432871 5249640 183231 183231
5060 5432871 5249640 183231 183231
5070 5432871 5249640 183231 183231
5080 5432871 5249640 183231 183231
5090 5432871 5249640 183231 183231
5100 5432871 5249640 183231 183231
5110 5432871 5249640 183231 183231
5120 5432871 5249640 183231 183231
5130 5432871 5249640 183231 183231
5140 5432871 5249640 183231 183231
5150 5432871 5249640 183231 183231
5160 5432871 5249640 183231 183231
5170 5432871 5249640 183231 183231
5180 5432871 5249640 183231 183231
5190 5432871 5249640 183231 183231
5200 5432871 5249640 183231 183231
5210 5432871 5249640 183231 183231
5220 5432871 5249640 183231 183231
5230 5432871 5249640 183231 183231
5240 5432871 5249640 183231 183231
5250 5432871 5249640 183231 183231
5260 5432871 5249640 183231 183231
5270 5432871 5249640 183231 183231
5280 5432871 5249640 183231 183231
5290 5432871 5249640 183231 183231
5300 5432871 5249640 183231 183231
5310 5432871 5249640 183231 183231
5320 5432871 5249640 183231 183231
5330 5432871 5249640 183231 183231
5340 5432871 5249640 183231 183231
5350 5432871 5249640 183231 183231
5360 5432871 5249640 183231 183231
5370 5432871 5249640 183231 183231
5380 5432871 5249640 183231 183231
5390 5432871 5249640 183231 183231
5400 5432871 5249640 183231 183231
5410 5432871 5249640 183231 183231
5420 5432871 5249640 183231 183231
5430 5432871 5249640 183231 183231
5440 5432871 5249640 183231 183231
5450 5432871 5249640 183231 183231
5460 5432871 5249640 183231 183231
5470 5432871 5249640 183231 183231
5480 5432871 5249640 183231 183231
5490 5432871 5249640 183231 183231
5500 5432871 5249640 183231 183231
5510 5432871 5249640 183231 183231
5520 5432871 5249640 183231 183231
5530 5432871 5249640 183231 183231
5540 5432871 5249640 183231 183231
5550 5432871 5249640 183231 183231
5560 5432871 5249640 183231 183231
5570 5432871 5249640 183231 183231
5580 5432871 5249640 183231 183231
5590 5432871 5249640 183231 183231
5600 5432871 5249640 183231 183231
5610 5432871 5249640 183231 183231
5620 5432871 5249640 183231 183231
5630 5432871 5249640 183231 183231
5640 5432871 5249640 183231 183231
5650 5432871 5249640 183231 183231
5660 5432871 5249640 183231 183231
5670 5432871 5249640 183231 183231
5680 5432871 5249640 183231 183231
5690 5432871 5249640 183231 183231
5700 5432871 5249640 183231 183231
5710 5432871 5249640 183231 183231
5720 5432871 5249640 183231 183231
5730 5432871 5249640 183231 183231
5740 5432871 5249640 183231 183231
5750 5432871 5249640 183231 183231
5760 5432871 5249640 183231 183231
5770 5432871 5249640 183231 183231
5780 5432871 5249640 183231 183231
5790 5432871 5249640 183231 183231
5800 5432871 5249640 183231 183231
5810 5432871 5249640 183231 183231
5820 5432871 5249640 183231 183231
5830 5432871 5249640 183231 183231
5840 5432871 5249640 183231 183231
5850 5432871 5249640 183231 183231
5860 5432871 5249640 183231 183231
5870 5432871 5249640 183231 183231
5880 5432871 5249640 183231 183231
5890 5432871 5249640 183231 183231
5900 5432871 5249640 183231 183231
5910 5432871 5249640 183231 183231
5920 5432871 5249640 183231 183231
5930 5432871 5249640 183231 183231
5940 5432871 5249640 183231 183231
5950 5432871 5249640 183231 183231
5960 5432871 5249640 183231 183231
5970 5432871 5249640 183231 183231
5980 5432871 5249640 183231 183231
5990 5432871 5249640 183231 183231
6000 5432871 5249640 183231 183231
6010 5432871 5249640 183231 183231
6020 5432871 5249640 183231 183231
6030 5432871 5249640 183231 183231
6040 5432871 5249640 183231 183231
6050 5432871 5249640 183231 183231
6060 5432871 5249640 183231 183231
6070 5432871 5249640 183231 183231
6080 5432871 5249640 183231 183231
6090 5432871 5249640 183231 183231
6100 5432871 5249640 183231 183231
6110 5432871 5249640 183231 183231
6120 5432871 5249640 183231 183231
6130 5432871 5249640 183231 183231
6140 5432871 5249640 183231 183231
6150 5432871 5249640 183231 183231
6160 5432871 5249640 183231 183231
6170 5432871 5249640 183231 183231
6180 5432871 5249640 183231 183231
6190 5432871 5249640 183231 183231
6200 5432871 5249640 183231 183231
6210 5432871 5249640 183231 183231
6220 5432871 5249640 183231 183231
6230 5432871 5249640 183231 183231
6240 5432871 5249640 183231 183231
6250 5432871 5249640 183231 183231
6260 5432871 5249640 183231 183231
6270 5432871 5249640 183231 183231
6280 5432871 5249640 183231 183231
6290 5432871 5249640 183231 183231
6300 5432871 5249640 183231 183231
6310 5432871 5249640 183231 183231
6320 5432871 5249640 183231 183231
6330 5432871 5249640 183231 183231
6340 5432871 5249640 183231 183231
6350 5432871 5249640 183231 183231
6360 5432871 5249640 183231 183231
6370 5432871 5249640 183231 183231
6380 5432871 5249640 183231 183231
6390 5432871 5249640 183231 183231
6400 5432871 5249640 183231 183231
6410 5432871 5249640 183231 183231
6420 5432871 5249640 183231 183231
6430 5432871 5249640 183231 183231
6440 5432871 5249640 183231 183231
6450 5432871 5249640 183231 183231
6460 5432871 5249640 183231 183231
6470 5432871 5249640 183231 183231
6480 5432871 5249640 183231 183231
6490 5432871 5249640 183231 183231
6500 5432871 5249640 183231 183231
6510 5432871 5249640 183231 183231
6520 5432871 5249640 183231 183231
6530 5432871 5249640 183231 183231
6540 5432871 5249640 183231 183231
6550 5432871 5249640 183231 183231
6560 5432871 5249640 183231 183231
6570 5432871 5249640 183231 183231
6580 5432871 5249640 183231 183231
6590 5432871 5249640 183231 183231
6600 5432871 5249640 183231 183231
6610 5432871 5249640 183231 183231
6620 5432871 5249640 183231 183231
6630 5432871 5249640 183231 183231
6640 5432871 5249640 183231 183231
6650 5432871 5249640 183231 183231
6660 5432871 5249640 183231 183231
6670 5432871 5249640 183231 183231
6680 5432871 5249640 183231 183231
6690 5432871 5249640 183231 183231
6700 5432871 5249640 183231 183231
6710 5432871 5249640 183231 183231
6720 5432871 5249640 183231 183231
6730 5432871 5249640 183231 183231
6740 5432871 5249640 183231 183231
6750 5432871 5249640 183231 183231
6760 5432871 5249640 183231 183231
6770 5432871 5249640 183231 183231
6780 5432871 5249640 183231 183231
6790 5432871 5249640 183231 183231
6800 5432871 5249640 183231 183231
6810 5432871 5249640 183231 183231
6820 5432871 5249640 183231 183231
6830 5432871 5249640 183231 183231
6840 5432871 5249640 183231 183231
6850 5432871 5249640 183231 183231
6860 5432871 5249640 183231 183231
6870 5432871 5249640 183231 183231
6880 5432871 5249640 183231 183231
6890 5432871 5249640 183231 183231
6900 5432871 5249640 183231 183231
6910 5432871 5249640 183231 183231
6920 5432871 5249640 183231 183231
6930 5432871 5249640 183231 183231
6940 5432871 5249640 183231 183231
6950 5432871 5249640 183231 183231
6960 5432871 5249640 183231 183231
6970 5432871 5249640 183231 183231
6980 5432871 5249640 183231 183231
6990 5432871 5249640 183231 183231
7000 5432871 5249640 183231 183231
7010 5432871 5249640 183231 183231
7020 5432871 5249640 183231 183231
7030 5432871 5249640 183231 183231
7040 5432871 5249640 183231 183231
7050 5432871 5249640 183231 183231
7060 5432871 5249640 183231 183231
7070 5432871 5249640 183231 183231
7080 5432871 5249640 183231 183231
7090 5432871 5249640 183231 183231
7100 5432871 5249640 183231 183231
7110 5432871 5249640 183231 183231
7120 5432871 5249640 183231 183231
7130 5432871 5249640 183231 183231
7140 5432871 5249640 183231 183231
7150 5432871 5249640 183231 183231
7160 5432871 5249640 183231 183231
7170 5432871 5249640 183231 183231
7180 5432871 5249640 183231 183231
7190 5432871 5249640 183231 183231
7200 5432871 5249640 183231 183231
7210 5432871 5249640 183231 183231
7220 5432871 5249640 183231 183231
7230 5432871 5249640 183231 183231
7240 5432871 5249640 183231 183231
7250 5432871 5249640 183231 183231
7260 5432871 5249640 183231 183231
7270 5432871 5249640 183231 183231
7280 5432871 5249640 183231 183231
7290 5432871 5249640 183231 183231
7300 5432871 5249640 183231 183231
7310 5432871 5249640 183231 183231
7320 5432871 5249640 183231 183231
7330 5432871 5249640 183231 183231
7340 5432871 5249640 183231 183231
7350 5432871 5249640 183231 183231
7360 5432871 5249640 183231 183231
7370 5432871 5249640 183231 183231
7380 5432871 5249640 183231 183231
7390 5432871 5249640 183231 183231
7400 5432871 5249640 183231 183231
7410 5432871 5249640 183231 183231
7420 5432871 5249640 183231 183231
7430 5432871 5249640 183231 183231
7440 5432871 5249640 183231 183231
7450 5432871 5249640 183231 183231
7460 5432871 5249640 183231 183231
7470 5432871 5249640 183231 183231
7480 5432871 5249640 183231 183231
7490 5432871 5249640 183231 183231
7500 5432871 5249640 183231 183231
7510 5432871 5249640 183231 183231
7520 5432871 5249640 183231 183231
7530 5432871 5249640 183231 183231
7540 5432871 5249640 183231 183231
7550 5432871 5249640 183231 183231
7560 5432871 5249640 183231 183231
7570 5432871 5249640 183231 183231
7580 5432871 5249640 183231 183231
7590 5432871 5249640 183231 183231
7600 5432871 5249640 183231 183231
7610 5432871 5249640 183231 183231
7620 5432871 5249640 183231 183231
7630 5432871 5249640 183231 183231
7640 5432871 5249640 183231 183231
7650 5432871 5249640 183231 183231
7660 5432871 5249640 183231 183231
7670 5432871 5249640 183231 183231
7680 5432871 5249640 183231 183231
7690 5432871 5249640 183231 183231
7700 5432871 5249640 183231 183231
7710 5432871 5249640 183231 183231
7720 5432871 5249640 183231 183231
7730 5432871 5249640 183231 183231
7740 5432871 5249640 183231 183231
7750 5432871 5249640 183231 183231
7760 5432871 5249640 183231 183231
7770 5432871 5249640 183231 183231
7780 5432871 5249640 183231 183231
7790 5432871 5249640 183231 183231
7800 5432871 5249640 183231 183231
7810 5432871 5249640 183231 183231
7820 5432871 5249640 183231 183231
7830 5432871 5249640 183231 183231
7840 5432871 5249640 183231 183231
7850 5432871 5249640 183231 183231
7860 5432871 5249640 183231 183231
7870 5432871 5249640 183231 183231
7880 5432871 5249640 183231 183231
7890 5432871 5249640 183231 183231
7900 5432871 5249640 183231 183231
7910 5432871 5249640 183231 183231
7920 5432871 5249640 183231 183231
7930 5432871 5249640 183231 183231
7940 5432871 5249640 183231 183231
7950 5432871 5249640 183231 183231
7960 5432871 5249640 183231 183231
7970 5432871 5249640 183231 183231
7980 5432871 5249640 183231 183231
7990 5432871 5249640 183231 183231
8000 5432871 5249640 183231 183231
8010 5432871 5249640 183231 183231
8020 5432871 5249640 183231 183231
8030 5432871 5249640 183231 183231
8040 5432871 5249640 183231 183231
8050 5432871 5249640 183231 183231
8060 5432871 5249640 183231 183231
8070 5432871 5249640 183231 183231
8080 5432871 5249640 183231 183231
8090 5432871 5249640 183231 183231
8100 5432871 5249640 183231 183231
8110 5432871 5249640 183231 183231
8120 5432871 5249640 183231 183231
8130 5432871 5249640 183231 183231
8140 5432871 5249640 183231 183231
8150 5432871 5249640 183231 183231
8160 5432871 5249640 183231 183231
8170 5432871 5249640 183231 183231
8180 5432871 5249640 183231 183231
8190 5432871 5249640 183231 183231
8200 5432871 5249640 183231 183231
8210 5432871 5249640 183231 183231
8220 5432871 5249640 183231 183231
8230 5432871 5249640 183231 183231
8240 5432871 5249640 183231 183231
8250 5432871 5249640 183231 183231
8260 5432871 5249640 183231 183231
8270 5432871 5249640 183231 183231
8280 5432871 5249640 183231 183231
8290 5432871 5249640 183231 183231
8300 5432871 5249640 183231 183231
8310 5432871 5249640 183231 183231
8320 5432871 5249640 183231 183231
8330 5432871 5249640 183231 183231
8340 5432871 5249640 183231 183231
8350 5432871 5249640 183231 183231
8360 5432871 5249640 183231 183231
8370 5432871 5249640 183231 183231
8380 5432871 5249640 183231 183231
8390 5432871 5249640 183231 183231
8400 5432871 5249640 183231 183231
8410 5432871 5249640 183231 183231
8420 5432871 5249640 183231 183231
8430 5432871 5249640 183231 183231
8440 5432871 5249640 183231 183231
8450 5432871 5249640 183231 183231
8460 5432871 5249640 183231 183231
8470 5432871 5249640 183231 183231
8480 5432871 5249640 183231 183231
8490 5432871 5249640 183231 183231
8500 5432871 5249640 183231 183231
8510 5432871 5249640 183231 183231
8520 5432871 5249640 183231 183231
8530 5432871 5249640 183231 183231
8540 5432871 5249640 183231 183231
8550 5432871 5249640 183231 183231
8560 5432871 5249640 183231 183231
8570 5432871 5249640 183231 183231
8580 5432871 5249640 183231 183231
8590 5432871 5249640 183231 183231
8600 5432871 5249640 183231 183231
8610 5432871 5249640 183231 183231
8620 5432871 5249640 183231 183231
8630 5432871 5249640 183231 183231
8640 5432871 5249640 183231 183231
8650 5432871 5249640 183231 183231
8660 5432871 5249640 183231 183231
8670 5432871 5249640 183231 183231
8680 5432871 5249640 183231 183231
8690 5432871 5249640 183231 183231
8700 5432871 5249640 183231 183231
8710 5432871 5249640 183231 183231
8720 5432871 5249640 183231 183231
8730 5432871 5249640 183231 183231
8740 5432871 5249640 183231 183231
8750 5432871 5249640 183231 183231
8760 5432871 5249640 183231 183231
8770 5432871 5249640 183231 183231
8780 5432871 5249640 183231 183231
8790 5432871 5249640 183231 183231
8800 5432871 5249640 183231 183231
8810 5432871 5249640 183231 183231
8820 5432871 5249640 183231 183231
8830 5432871 5249640 183231 183231
8840 5432871 5249640 183231 183231
8850 5432871 5249640 183231 183231
8860 5432871 5249640 183231 183231
8870 5432871 5249640 183231 183231
8880 5432871 5249640 183231 183231
8890 5432871 5249640 183231 183231
8900 5432871 5249640 183231 183231
8910 5432871 5249640 183231 183231
8920 5432871 5249640 183231 183231
8930 5432871 5249640 183231 183231
8940 5432871 5249640 183231 183231
8950 5432871 5249640 183231 183231
8960 5432871 5249640 183231 183231
8970 5432871 5249640 183231 183231
8980 5432871 5249640 183231 183231
8990 5432871 5249640 183231 183231
9000 5432871 5249640 183231 183231
9010 5432871 5249640 183231 183231
9020 5432871 5249640 183231 183231
9030 5432871 5249640 183231 183231
9040 5432871 5249640 183231 183231
9050 5432871 5249640 183231 183231
9060 5432871 5249640 183231 183231
9070 5432871 5249640 183231 183231
9080 5432871 5249640 183231 183231
9090 5432871 5249640 183231 183231
9100 5432871 5249640 183231 183231
9110 5432871 5249640 183231 183231
9120 5432871 5249640 183231 183231
9130 5432871 5249640 183231 183231
9140 5432871 5249640 183231 183231
9150 5432871 5249640 183231 183231
9160 5432871 5249640 183231 183231
9170 5432871 5249640 183231 183231
9180 5432871 5249640 183231 183231
9190 5432871 5249640 183231 183231
9200 5432871 5249640 183231 183231
9210 5432871 5249640 183231 183231
9220 5432871 5249640 183231 183231
9230 5432871 5249640 183231 183231
9240 5432871 5249640 183231 183231
9250 5432871 5249640 183231 183231
9260 5432871 5249640 183231 183231
9270 5432871 5249640 183231 183231
9280 5432871 5249640 183231 183231
9290 5432871 5249640 183231 183231
9300 5432871 5249640 183231 183231
9310 5432871 5249640 183231 183231
9320 5432871 5249640 183231 183231
9330 5432871 5249640 183231 183231
9340 5432871 5249640 183231 183231
9350 5432871 5249640 183231 183231
9360 5432871 5249640 183231 183231
9370 5432871 5249640 183231 183231
9380 5432871 5249640 183231 183231
9390 5432871 5249640 183231 183231
9400 5432871 5249640 183231 183231
9410 5432871 5249640 183231 183231
9420 5432871 5249640 183231 183231
9430 5432871 5249640 183231 183231
9440 5432871 5249640 183231 183231
9450 5432871 5249640 183231 183231
9460 5432871 5249640 183231 183231
9470 5432871 5249640 183231 183231
9480 5432871 5249640 183231 183231
9490 5432871 5249640 183231 183231
9500 5432871 5249640 183231 183231
9510 5432871 5249640 183231 183231
9520 5432871 5249640 183231 183231
9530 5432871 5249640 183231 183231
9540 5432871 5249640 183231 183231
9550 5432871 5249640 183231 183231
9560 5432871 5249640 183231 183231
9570 5432871 5249640 183231 183231
9580 5432871 5249640 183231 183231
9590 5432871 5249640 183231 183231
9600 5432871 5249640 183231 183231
9610 5432871 5249640 183231 183231
9620 5432871 5249640 183231 183231
9630 5432871 5249640 183231 183231
9640 5432871 5249640 183231 183231
9650 5432871 5249640 183231 183231
9660 5432871 5249640 183231 183231
9670 5432871 5249640 183231 183231
9680 5432871 5249640 183231 183231
9690 5432871 5249640 183231 183231
9700 5432871 5249640 183231 183231
9710 5432871 5249640 183231 183231
9720 5432871 5249640 183231 183231
9730 5432871 5249640 183231 183231
9740 5432871 5249640 183231 183231
9750 5432871 5249640 183231 183231
9760 5432871 5249640 183231 183231
9770 5432871 5249640 183231 183231
9780 5432871 5249640 183231 183231
9790 5432871 5249640 183231 183231
9800 5432871 5249640 183231 183231
9810 5432871 5249640 183231 183231
9820 5432871 5249640 183231 183231
9830 5432871 5249640 183231 183231
9840 5432871 5249640 183231 183231
9850 5432871 5249640 183231 183231
9860 5432871 5249640 183231 183231
9870 5432871 5249640 183231 183231
9880 5432871 5249640 183231 183231
9890 5432871 5249640 183231 183231
9900 5432871 5249640 183231 183231
9910 5432871 5249640 183231 183231
9920 5432871 5249640 183231 183231
9930 5432871 5249640 183231 183231
9940 5432871 5249640 183231 183231
9950 5432871 5249640 183231 183231
9960 5432871 5249640 183231 183231
9970 5432871 5249640 183231 183231
9980 5432871 5249640 183231 183231
9990 5432871 5249640 183231 183231
10000 5432871 5249640 183231 183231
10010 5432871 5249640 183231 183231
10020 5432871 5249640 183231 183231
10030 5432871 5249640 183231 183231
10040 5432871 5249640 183231 183231
10050 5432871 5249640 183231 183231
10060 5432871 5249640 183231 183231
10070 5432871 5249640 183231 183231
10080 5432871 5249640 183231 183231
10090 5432871 5249640 183231 183231
10100 5432871 5249640 183231 183231
10110 5432871 5249640 183231 183231
10120 5432871 5249640 183231 183231
10130 5432871 5249640 183231 183231
10140 5432871 5249640 183231 183231
10150 5432871 5249640 183231 183231
10160 5432871 5249640 183231 183231
10170 5432871 5249640 183231 183231
10180 5432871 5249640 183231 183231
10190 5432871 5249640 183231 183231
10200 5432871 5249640 183231 183231
10210 5432871 5249640 183231 183231
10220 5432871 5249640 183231 183231
10230 5432871 5249640 183231 183231
10240 5432871 5249640 183231 183231
10250 5432871 5249640 183231 183231
10260 5432871 5249640 183231 183231
10270 5432871 5249640 183231 183231
10280 5432871 5249640 183231 183231
10290 5432871 5249640 183231 183231
10300 5432871 5249640 183231 183231
10310 5432871 5249640 183231 183231
10320 5432871 5249640 183231 183231
10330 5432871 5249640 183231 183231
10340 5432871 5249640 183231 183231
10350 5432871 5249640 183231 183231
10360 5432871 5249640 183231 183231
10370 5432871 5249640 183231 183231
10380 5432871 5249640 183231 183231
10390 5432871 5249640 183231 183231
10400 5432871 5249640 183231 183231
10410 5432871 5249640 183231 183231
10420 5432871 5249640 183231 183231
10430 5432871 5249640 183231 183231
10440 5432871 5249640 183231 183231
10450 5432871 5249640 183231 183231
10460 5432871 5249640 183231 183231
10470 5432871 5249640 183231 183231
10480 5432871 5249640 183231 183231
10490 5432871 5249640 183231 183231
10500 5432871 5249640 183231 183231
10510 5432871 5249640 183231 183231
10520 5432871 5249640 183231 183231
10530 5432871 5249640 183231 183231
10540 5432871 5249640 183231 183231
10550 5432871 5249640 183231 183231
10560 5432871 5249640 183231 183231
10570 5432871 5249640 183231 183231
10580 5432871 5249640 183231 183231
10590 5432871 5249640 183231 183231
10600 5432871 5249640 183231 183231
10610 5432871 5249640 183231 183231
10620 5432871 5249640 183231 183231
10630 5432871 5249640 183231 183231
10640 5432871 5249640 183231 183231
10650 5432871 5249640 183231 183231
10660 5432871 5249640 183231 183231
10670 5432871 5249640 183231 183231
10680 5432871 5249640 183231 183231
10690 5432871 5249640 183231 183231
10700 5432871 5249640 183231 183231
10710 5432871 5249640 183231 183231
10720 5432871 5249640 183231 183231
10730 5432871 5249640 183231 183231
10740 5432871 5249640 183231 183231
10750 5432871 5249640 183231 183231
10760 5432871 5249640 183231 183231
10770 5432871 5249640 183231 183231
10780 5432871 5249640 183231 183231
10790 5432871 5249640 183231 183231
10800 5432871 5249640 183231 183231
10810 5432871 5249640 183231 183231
10820 5432871 5249640 183231 183231
10830 5432871 5249640 183231 183231
10840 5432871 5249640 183231 183231
10850 5432871 5249640 183231 183231
10860 5432871 5249640 183231 183231
10870 5432871 5249640 183231 183231
10880 5432871 5249640 183231 183231
10890 5432871 5249640 183231 183231
10900 5432871 5249640 183231 183231
10910 5432871 5249640 183231 183231
10920 5432871 5249640 183231 183231
10930 5432871 5249640 183231 183231
10940 5432871 5249640 183231 183231
10950 5432871 5249640 183231 183231
10960 5432871 5249640 183231 183231
10970 5432871 5249640 183231 183231
10980 5432871 5249640 183231 183231
10990 5432871 5249640 183231 183231
11000 5432871 5249640 183231 183231
11010 5432871 5249640 183231 183231
11020 5432871 5249640 183231 183231
11030 5432871 5249640 183231 183231
11040 5432871 5249640 183231 183231
11050 5432871 5249640 183231 183231
11060 5432871 5249640 183231 183231
11070 5432871 5249640 183231 183231
11080 5432871 5249640 183231 183231
11090 5432871 5249640 183231 183231
11100 5432871 5249640 183231 183231
11110 5432871 5249640 183231 183231
11120 5432871 5249640 183231 183231
11130 5432871 5249640 183231 183231
11140 5432871 5249640 183231 183231
11150 5432871 5249640 183231 183231
11160 5432871 5249640 183231 183231
11170 5432871 5249640 183231 183231
11180 5432871 5249640 183231 183231
11190 5432871 5249640 183231 183231
11200 5432871 5249640 183231 183231
11210 5432871 5249640 183231 183231
11220 5432871 5249640 183231 183231
11230 5432871 5249640 183231 183231
11240 5432871 5249640 183231 183231
11250 5432871 5249640 183231 183231
11260 5432871 5249640 183231 183231
11270 5432871 5249640 183231 183231
11280 5432871 5249640 183231 183231
11290 5432871 5249640 183231 183231
11300 5432871 5249640 183231 183231
11310 5432871 5249640 183231 183231
11320 5432871 5249640 183231 183231
11330 5432871 5249640 183231 183231
11340 5432871 5249640 183231 183231
11350 5432871 5249640 183231 183231
11360 5432871 5249640 183231 183231
11370 5432871 5249640 183231 183231
11380 5432871 5249640 183231 183231
11390 5432871 5249640 183231 183231
11400 5432871 5249640 183231 183231
11410 5432871 5249640 183231 183231
11420 5432871 5249640 183231 183231
11430 5432871 5249640 183231 183231
11440 5432871 5249640 183231 183231
11450 5432871 5249640 183231 183231
11460 5432871 5249640 183231 183231
11470 5432871 5249640 183231 183231
11480 5432871 5249640 183231 183231
11490 5432871 5249640 183231 183231
11500 5432871 5249640 183231 183231
11510 5432871 5249640 183231 183231
11520 5432871 5249640 183231 183231
11530 5432871 5249640 183231 183231
11540 5432871 5249640 183231 183231
11550 5432871 5249640 183231 183231
11560 5432871 5249640 183231 183231
11570 5432871 5249640 183231 183231
11580 5432871 5249640 183231 183231
11590 5432871 5249640 183231 183231
11600 5432871 5249640 183231 183231
11610 5432871 5249640 183231 183231
11620 5432871 5249640 183231 183231
11630 5432871 5249640 183231 183231
11640 5432871 5249640 183231 183231
11650 5432871 5249640 183231 183231
11660 5432871 5249640 183231 183231
11670 5432871 5249640 183231 183231
11680 5432871 5249640 183231 183231
11690 5432871 5249640 183231 183231
11700 5432871 5249640 183231 183231
11710 5432871 5249640 183231 183231
11720 5432871 5249640 183231 183231
11730 5432871 5249640 183231 183231
11740 5432871 5249640 183231 183231
11750 5432871 5249640 183231 183231
11760 5432871 5249640 183231 183231
11770 5432871 5249640 183231 183231
11780 5432871 5249640 183231 183231
11790 5432871 5249640 183231 183231
11800 5432871 5249640 183231 183231
11810 5432871 5249640 183231 183231
11820 5432871 5249640 183231 183231
11830 5432871 5249640 183231 183231
11840 5432871 5249640 183231 183231
11850 5432871 5249640 183231 183231
11860 5432871 5249640 183231 183231
11870 5432871 5249640 183231 183231
11880 5432871 5249640 183231 183231
11890 5432871 5249640 183231 183231
11900 5432871 5249640 183231 183231
11910 5432871 5249640 183231 183231
11920 5432871 5249640 183231 183231
11930 5432871 5249640 183231 183231
11940 5432871 5249640 183231 183231
11950 5432871 5249640 183231 183231
11960 5432871 5249640 183231 183231
11970 5432871 5249640 183231 183231
11980 5432871 5249640 183231 183231
11990 5432871 5249640 183231 183231
12000 5432871 5249640 183231 183231
12010 5432871 5249640 183231 183231
12020 5432871 5249640 183231 183231
12030 5432871 5249640 183231 183231
12040 5432871 5249640 183231 183231
12050 5432871 5249640 183231 183231
12060 5432871 5249640 183231 183231
12070 5432871 5249640 183231 183231
12080 5432871 5249640 183231 183231
12090 5432871 5249640 183231 183231
12100 5432871 5249640 183231 183231
12110 5432871 5249640 183231 183231
12120 5432871 5249640 183231 183231
12130 5432871 5249640 183231 183231
12140 5432871 5249640 183231 183231
12150 5432871 5249640 183231 183231
12160 5432871 5249640 183231 183231
12170 5432871 5249640 183231 183231
12180 5432871 5249640 183231 183231
12190 5432871 5249640 183231 183231
12200 5432871 5249640 183231 183231
12210 5432871 5249640 183231 183231
12220 5432871 5249640 183231 183231
12230 5432871 5249640 183231 183231
12240 5432871 5249640 183231 183231
12250 5432871 5249640 183231 183231
12260 5432871 5249640 183231 183231
12270 5432871 5249640 183231 183231
12280 5432871 5249640 183231 183231
12290 5432871 5249640 183231 183231
12300 5432871 5249640 183231 183231
12310 5432871 5249640 183231 183231
12320 5432871 5249640 183231 183231
12330 5432871 5249640 183231 183231
12340 5432871 5249640 183231 183231
12350 5432871 5249640 183231 183231
12360 5432871 5249640 183231 183231
12370 5432871 5249640 183231 183231
12380 5432871 5249640 183231 183231
12390 5432871 5249640 183231 183231
12400 5432871 5249640 183231 183231
12410 5432871 5249640 183231 183231
12420 5432871 5249640 183231 183231
12430 5432871 5249640 183231 183231
12440 5432871 5249640 183231 183231
12450 5432871 5249640 183231 183231
12460 5432871 5249640 183231 183231
12470 5432871 5249640 183231 183231
12480 5432871 5249640 183231 183231
12490 5432871 5249640 183231 183231
12500 5432871 5249640 183231 183231
12510 5432871 5249640 183231 183231
12520 5432871 5249640 183231 183231
12530 5432871 5249640 183231 183231
12540 5432871 5249640 183231 183231
12550 5432871 5249640 183231 183231
12560 5432871 5249640 183231 183231
12570 5432871 5249640 183231 183231
12580 5432871 5249640 183231 183231
12590 5432871 5249640 183231 183231
12600 5432871 5249640 183231 183231
12610 5432871 5249640 183231 183231
12620 5432871 5249640 183231 183231
12630 5432871 5249640 183231 183231
12640 5432871 5249640 183231 183231
12650 5432871 5249640 183231 183231
12660 5432871 5249640 183231 183231
12670 5432871 5249640 183231 183231
12680 5432871 5249640 183231 183231
12690 5432871 5249640 183231 183231
12700 5432871 5249640 183231 183231
12710 5432871 5249640 183231 183231
12720 5432871 5249640 183231 183231
12730 5432871 5249640 183231 183231
12740 5432871 5249640 183231 183231
12750 5432871 5249640 183231 183231
12760 5432871 5249640 183231 183231
12770 5432871 5249640 183231 183231
12780 5432871 5249640 183231 183231
12790 5432871 5249640 183231 183231
12800 5432871 5249640 183231 183231
12810 5432871 5249640 183231 183231
12820 5432871 5249640 183231 183231
12830 5432871 5249640 183231 183231
12840 5432871 5249640 183231 183231
12850 5432871 5249640 183231 183231
12860 5432871 5249640 183231 183231
12870 5432871 5249640 183231 183231
12880 5432871 5249640 183231 183231
12890 5432871 5249640 183231 183231
12900 5432871 5249640 183231 183231
12910 5432871 5249640 183231 183231
12920 5432871 5249640 183231 183231
12930 5432871 5249640 183231 183231
12940 5432871 5249640 183231 183231
12950 5432871 5249640 183231 183231
12960 5432871 5249640 183231 183231
12970 5432871 5249640 183231 183231
12980 5432871 5249640 183231 183231
12990 5432871 5249640 183231 183231
13000 5432871 5249640 183231 183231
13010 5432871 5249640 183231 183231
13020 5432871 5249640 183231 183231
13030 5432871 5249640 183231 183231
13040 5432871 5249640 183231 183231
13050 5432871 5249640 183231 183231
13060 5432871 5249640 183231 183231
13070 5432871 5249640 183231 183231
13080 5432871 5249640 183231 183231
13090 5432871 5249640 183231 183231
13100 5432871 5249640 183231 183231
13110 5432871 5249640 183231 183231
13120 5432871 5249640 183231 183231
13130 5432871 5249640 183231 183231
13140 5432871 5249640 183231 183231
13150 5432871 5249640 183231 183231
13160 5432871 5249640 183231 183231
13170 5432871 5249640 183231 183231
13180 5432871 5249640 183231 183231
13190 5432871 5249640 183231 183231
13200 5432871 5249640 183231 183231
13210 5432871 5249640 183231 183231
13220 5432871 5249640 183231 183231
13230 5432871 5249640 183231 183231
13240 5432871 5249640 183231 183231
13250 5432871 5249640 183231 183231
13260 5432871 5249640 183231 183231
13270 5432871 5249640 183231 183231
13280 5432871 5249640 183231 183231
13290 5432871 5249640 183231 183231
13300 5432871 5249640 183231 183231
13310 5432871 5249640 183231 183231
13320 5432871 5249640 183231 183231
13330 5432871 5249640 183231 183231
13340 5432871 5249640 183231 183231
13350 5432871 5249640 183231 183231
13360 5432871 5249640 183231 183231
13370 5432871 5249640 183231 183231
13380 5432871 5249640 183231 183231
13390 5432871 5249640 183231 183231
13400 5432871 5249640 183231 183231
13410 5432871 5249640 183231 183231
13420 5432871 5249640 183231 183231
13430 5432871 5249640 183231 183231
13440 5432871 5249640 183231 183231
13450 5432871 5249640 183231 183231
13460 5432871 5249640 183231 183231
13470 5432871 5249640 183231 183231
13480 5432871 5249640 183231 183231
13490 5432871 5249640 183231 183231
13500 5432871 5249640 183231 183231
13510 5432871 5249640 183231 183231
13520 5432871 5249640 183231 183231
13530 5432871 5249640 183231 183231
13540 5432871 5249640 183231 183231
13550 5432871 5249640 183231 183231
13560 5432871 5249640 183231 183231
13570 5432871 5249640 183231 183231
13580 5432871 5249640 183231 183231
13590 5432871 5249640 183231 183231
13600 5432871 5249640 183231 183231
13610 5432871 5249640 183231 183231
13620 5432871 5249640 183231 183231
13630 5432871 5249640 183231 183231
13640 5432871 5249640 183231 183231
13650 5432871 5249640 183231 183231
13660 5432871 5249640 183231 183231
13670 5432871 5249640 183231 183231
13680 5432871 5249640 183231 183231
13690 5432871 5249640 183231 183231
13700 5432871 5249640 183231 183231
13710 5432871 5249640 183231 183231
13720 5432871 5249640 183231 183231
13730 5432871 5249640 183231 183231
13740 5432871 5249640 183231 183231
13750 5432871 5249640 183231 183231
13760 5432871 5249640 183231 183231
13770 5432871 5249640 183231 183231
13780 5432871 5249640 183231 183231
13790 5432871 5249640 183231 183231
13800 5432871 5249640 183231 183231
13810 5432871 5249640 183231 183231
13820 5432871 5249640 183231 183231
13830 5432871 5249640 183231 183231
13840 5432871 5249640 183231 183231
13850 5432871 5249640 183231 183231
13860 5432871 5249640 183231 183231
13870 5432871 5249640 183231 183231
13880 5432871 5249640 183231 183231
13890 5432871 5249640 183231 183231
13900 5432871 5249640 183231 183231
13910 5432871 5249640 183231 183231
13920 5432871 5249640 183231 183231
13930 5432871 5249640 183231 183231
13940 5432871 5249640 183231 183231
13950 5432871 5249640 183231 183231
13960 5432871 5249640 183231 183231
13970 5432871 5249640 183231 183231

