Optimal path [nodeId(time to the node):
17(0) -> 16(131) -> 90(131) -> 36(114) -> 55(132) -> 79(118) -> 10(149) -> 41(124) -> 73(142) -> 27(128) -> 92(141) -> 26(144) -> 72(142) -> 37(148) -> 12(164) -> 91(139) -> 22(155) -> 0(133) -> 93(153) -> 74(138) -> 63(128) -> 77(143) -> 95(136) -> 2(137) -> 4(139) -> 53(156) -> 15(154) -> 29(170) -> 82(131) -> 6(127) -> 68(135) -> 35(164) -> 88(153) -> 85(155) -> 44(143) -> 5(152) -> 69(139) -> 58(141) -> 14(135) -> 86(155) -> 9(139) -> 18(152) -> 60(152) -> 39(141) -> 8(146) -> 40(130) -> 19(141) -> 83(172) -> 75(150) -> 21(125) -> 23(131) -> 11(151) -> 56(149) -> 3(134) -> 31(143) -> 46(147) -> 98(140) -> 7(150) -> 78(144) -> 1(131) -> 64(136) -> 81(137) -> 94(140) -> 28(138) -> 47(130) -> 65(157) -> 66(134) -> 80(153) -> 24(145) -> 62(135) -> 34(152) -> 20(137) -> 70(148) -> 45(158) -> 33(131) -> 97(156) -> 59(144) -> 61(156) -> 99(132) -> 96(149) -> 32(146) -> 48(138) -> 43(160) -> 84(152) -> 42(124) -> 13(150) -> 30(139) -> 52(149) -> 38(128) -> 49(108) -> 89(132) -> 67(148) -> 76(148) -> 71(152) -> 50(156) -> 25(155) -> 87(182) -> 51(128) -> 57(148) -> 54(164)
Total time of delivery: 14162
The cost function value: 4838760

Statistics at the end of simulation: 
Residents: 5432871
Illness cases: 4838761 --> [89.06452960138387%]
Healthy residents: 594110 --> [10.935470398616127%]
Vaccinated residents594110 --> [10.935470398616127%]

Statistics of each node: 
id residentsNumber illnessCases healthyResidents vaccinated
17 27216 1 27215 27215
16 82700 4 82696 82696
90 80008 20 79988 79988
36 85682 76 85606 85606
55 88344 353 87991 87991
79 84379 1382 82997 82997
10 95932 7732 88200 88200
41 91808 32391 59417 59417
73 49077 49077 0 0
27 80174 80174 0 0
92 24523 24523 0 0
26 26605 26605 0 0
72 90063 90063 0 0
37 51694 51694 0 0
12 79926 79926 0 0
91 32862 32862 0 0
22 73621 73621 0 0
0 59902 59902 0 0
93 39916 39916 0 0
74 81649 81649 0 0
63 51706 51706 0 0
77 28452 28452 0 0
95 71066 71066 0 0
2 43074 43074 0 0
4 56018 56018 0 0
53 61988 61988 0 0
15 78003 78003 0 0
29 15814 15814 0 0
82 15231 15231 0 0
6 12672 12672 0 0
68 42462 42462 0 0
35 96767 96767 0 0
88 37474 37474 0 0
85 44972 44972 0 0
44 15573 15573 0 0
5 15364 15364 0 0
69 66112 66112 0 0
58 16081 16081 0 0
14 81887 81887 0 0
86 26732 26732 0 0
9 60305 60305 0 0
18 16978 16978 0 0
60 91794 91794 0 0
39 32804 32804 0 0
8 45160 45160 0 0
40 31222 31222 0 0
19 87851 87851 0 0
83 46841 46841 0 0
75 26017 26017 0 0
21 82806 82806 0 0
23 20873 20873 0 0
11 84816 84816 0 0
56 80108 80108 0 0
3 57882 57882 0 0
31 69146 69146 0 0
46 73816 73816 0 0
98 93006 93006 0 0
7 29243 29243 0 0
78 57716 57716 0 0
1 49456 49456 0 0
64 22353 22353 0 0
81 89526 89526 0 0
94 76894 76894 0 0
28 91749 91749 0 0
47 98952 98952 0 0
65 70610 70610 0 0
66 26230 26230 0 0
80 67722 67722 0 0
24 37355 37355 0 0
62 19500 19500 0 0
34 28894 28894 0 0
20 48774 48774 0 0
70 36163 36163 0 0
45 46217 46217 0 0
33 13135 13135 0 0
97 86845 86845 0 0
59 83546 83546 0 0
61 25643 25643 0 0
99 28053 28053 0 0
96 73344 73344 0 0
32 59165 59165 0 0
48 13555 13555 0 0
43 79446 79446 0 0
84 70627 70627 0 0
42 68898 68898 0 0
13 61304 61304 0 0
30 67192 67192 0 0
52 63153 63153 0 0
38 33030 33030 0 0
49 19584 19584 0 0
89 68284 68284 0 0
67 37842 37842 0 0
76 31382 31382 0 0
71 23666 23666 0 0
50 30829 30829 0 0
25 67586 67586 0 0
87 20655 20655 0 0
51 94699 94699 0 0
57 39724 39724 0 0
54 69376 69376 0 0

Statistics step by step: 
minute residentsNumber illnessCases healthyResidents vaccinated
0 5432871 100 5432771 27215
10 5432871 100 5432771 27215
20 5432871 100 5432771 27215
30 5432871 100 5432771 27215
40 5432871 100 5432771 27215
50 5432871 100 5432771 27215
60 5432871 199 5432672 27215
70 5432871 199 5432672 27215
80 5432871 199 5432672 27215
90 5432871 199 5432672 27215
100 5432871 298 5432573 27215
110 5432871 298 5432573 27215
120 5432871 397 5432474 27215
130 5432871 397 5432474 27215
140 5432871 495 5432376 109911
150 5432871 495 5432376 109911
160 5432871 593 5432278 109911
170 5432871 691 5432180 109911
180 5432871 789 5432082 109911
190 5432871 789 5432082 109911
200 5432871 985 5431886 109911
210 5432871 1083 5431788 109911
220 5432871 1181 5431690 109911
230 5432871 1377 5431494 109911
240 5432871 1573 5431298 109911
250 5432871 1671 5431200 109911
260 5432871 1965 5430906 109911
270 5432871 2159 5430712 189899
280 5432871 2450 5430421 189899
290 5432871 2741 5430130 189899
300 5432871 3129 5429742 189899
310 5432871 3420 5429451 189899
320 5432871 3905 5428966 189899
330 5432871 4390 5428481 189899
340 5432871 4875 5427996 189899
350 5432871 5554 5427317 189899
360 5432871 6233 5426638 189899
370 5432871 6912 5425959 189899
380 5432871 7781 5425090 275505
390 5432871 8741 5424130 275505
400 5432871 9797 5423074 275505
410 5432871 11045 5421826 275505
420 5432871 12389 5420482 275505
430 5432871 13829 5419042 275505
440 5432871 15557 5417314 275505
450 5432871 17477 5415394 275505
460 5432871 19589 5413282 275505
470 5432871 21989 5410882 275505
480 5432871 24677 5408194 275505
490 5432871 27653 5405218 275505
500 5432871 31013 5401858 275505
510 5432871 34844 5398027 363496
520 5432871 39024 5393847 363496
530 5432871 43774 5389097 363496
540 5432871 49094 5383777 363496
550 5432871 54984 5377887 363496
560 5432871 61729 5371142 363496
570 5432871 69234 5363637 363496
580 5432871 77594 5355277 363496
590 5432871 87094 5345777 363496
600 5432871 97734 5335137 363496
610 5432871 109609 5323262 363496
620 5432871 123004 5309867 363496
630 5432871 137948 5294923 446493
640 5432871 154586 5278285 446493
650 5432871 173292 5259579 446493
660 5432871 194348 5238523 446493
670 5432871 217848 5215023 446493
680 5432871 244356 5188515 446493
690 5432871 274060 5158811 446493
700 5432871 307336 5125535 446493
710 5432871 344842 5088029 446493
720 5432871 386860 5046011 446493
730 5432871 433954 4998917 446493
740 5432871 486876 4945995 446493
750 5432871 546284 4886587 446493
760 5432871 612930 4819941 446493
770 5432871 687848 4745023 446493
780 5432871 771424 4661447 534693
790 5432871 864703 4568168 534693
800 5432871 969421 4463450 534693
810 5432871 1086973 4345898 534693
820 5432871 1218516 4214355 534693
830 5432871 1362570 4070301 534693
840 5432871 1519633 3913238 534693
850 5432871 1688731 3744140 534693
860 5432871 1875699 3557172 534693
870 5432871 2077366 3355505 534693
880 5432871 2297300 3135571 534693
890 5432871 2525999 2906872 534693
900 5432871 2763970 2668901 594110
910 5432871 3008477 2424394 594110
920 5432871 3264663 2168208 594110
930 5432871 3532873 1899998 594110
940 5432871 3802081 1630790 594110
950 5432871 4078822 1354049 594110
960 5432871 4344614 1088257 594110
970 5432871 4572720 860151 594110
980 5432871 4739751 693120 594110
990 5432871 4826061 606810 594110
1000 5432871 4838761 594110 594110
1010 5432871 4838761 594110 594110
1020 5432871 4838761 594110 594110
1030 5432871 4838761 594110 594110
1040 5432871 4838761 594110 594110
1050 5432871 4838761 594110 594110
1060 5432871 4838761 594110 594110
1070 5432871 4838761 594110 594110
1080 5432871 4838761 594110 594110
1090 5432871 4838761 594110 594110
1100 5432871 4838761 594110 594110
1110 5432871 4838761 594110 594110
1120 5432871 4838761 594110 594110
1130 5432871 4838761 594110 594110
1140 5432871 4838761 594110 594110
1150 5432871 4838761 594110 594110
1160 5432871 4838761 594110 594110
1170 5432871 4838761 594110 594110
1180 5432871 4838761 594110 594110
1190 5432871 4838761 594110 594110
1200 5432871 4838761 594110 594110
1210 5432871 4838761 594110 594110
1220 5432871 4838761 594110 594110
1230 5432871 4838761 594110 594110
1240 5432871 4838761 594110 594110
1250 5432871 4838761 594110 594110
1260 5432871 4838761 594110 594110
1270 5432871 4838761 594110 594110
1280 5432871 4838761 594110 594110
1290 5432871 4838761 594110 594110
1300 5432871 4838761 594110 594110
1310 5432871 4838761 594110 594110
1320 5432871 4838761 594110 594110
1330 5432871 4838761 594110 594110
1340 5432871 4838761 594110 594110
1350 5432871 4838761 594110 594110
1360 5432871 4838761 594110 594110
1370 5432871 4838761 594110 594110
1380 5432871 4838761 594110 594110
1390 5432871 4838761 594110 594110
1400 5432871 4838761 594110 594110
1410 5432871 4838761 594110 594110
1420 5432871 4838761 594110 594110
1430 5432871 4838761 594110 594110
1440 5432871 4838761 594110 594110
1450 5432871 4838761 594110 594110
1460 5432871 4838761 594110 594110
1470 5432871 4838761 594110 594110
1480 5432871 4838761 594110 594110
1490 5432871 4838761 594110 594110
1500 5432871 4838761 594110 594110
1510 5432871 4838761 594110 594110
1520 5432871 4838761 594110 594110
1530 5432871 4838761 594110 594110
1540 5432871 4838761 594110 594110
1550 5432871 4838761 594110 594110
1560 5432871 4838761 594110 594110
1570 5432871 4838761 594110 594110
1580 5432871 4838761 594110 594110
1590 5432871 4838761 594110 594110
1600 5432871 4838761 594110 594110
1610 5432871 4838761 594110 594110
1620 5432871 4838761 594110 594110
1630 5432871 4838761 594110 594110
1640 5432871 4838761 594110 594110
1650 5432871 4838761 594110 594110
1660 5432871 4838761 594110 594110
1670 5432871 4838761 594110 594110
1680 5432871 4838761 594110 594110
1690 5432871 4838761 594110 594110
1700 5432871 4838761 594110 594110
1710 5432871 4838761 594110 594110
1720 5432871 4838761 594110 594110
1730 5432871 4838761 594110 594110
1740 5432871 4838761 594110 594110
1750 5432871 4838761 594110 594110
1760 5432871 4838761 594110 594110
1770 5432871 4838761 594110 594110
1780 5432871 4838761 594110 594110
1790 5432871 4838761 594110 594110
1800 5432871 4838761 594110 594110
1810 5432871 4838761 594110 594110
1820 5432871 4838761 594110 594110
1830 5432871 4838761 594110 594110
1840 5432871 4838761 594110 594110
1850 5432871 4838761 594110 594110
1860 5432871 4838761 594110 594110
1870 5432871 4838761 594110 594110
1880 5432871 4838761 594110 594110
1890 5432871 4838761 594110 594110
1900 5432871 4838761 594110 594110
1910 5432871 4838761 594110 594110
1920 5432871 4838761 594110 594110
1930 5432871 4838761 594110 594110
1940 5432871 4838761 594110 594110
1950 5432871 4838761 594110 594110
1960 5432871 4838761 594110 594110
1970 5432871 4838761 594110 594110
1980 5432871 4838761 594110 594110
1990 5432871 4838761 594110 594110
2000 5432871 4838761 594110 594110
2010 5432871 4838761 594110 594110
2020 5432871 4838761 594110 594110
2030 5432871 4838761 594110 594110
2040 5432871 4838761 594110 594110
2050 5432871 4838761 594110 594110
2060 5432871 4838761 594110 594110
2070 5432871 4838761 594110 594110
2080 5432871 4838761 594110 594110
2090 5432871 4838761 594110 594110
2100 5432871 4838761 594110 594110
2110 5432871 4838761 594110 594110
2120 5432871 4838761 594110 594110
2130 5432871 4838761 594110 594110
2140 5432871 4838761 594110 594110
2150 5432871 4838761 594110 594110
2160 5432871 4838761 594110 594110
2170 5432871 4838761 594110 594110
2180 5432871 4838761 594110 594110
2190 5432871 4838761 594110 594110
2200 5432871 4838761 594110 594110
2210 5432871 4838761 594110 594110
2220 5432871 4838761 594110 594110
2230 5432871 4838761 594110 594110
2240 5432871 4838761 594110 594110
2250 5432871 4838761 594110 594110
2260 5432871 4838761 594110 594110
2270 5432871 4838761 594110 594110
2280 5432871 4838761 594110 594110
2290 5432871 4838761 594110 594110
2300 5432871 4838761 594110 594110
2310 5432871 4838761 594110 594110
2320 5432871 4838761 594110 594110
2330 5432871 4838761 594110 594110
2340 5432871 4838761 594110 594110
2350 5432871 4838761 594110 594110
2360 5432871 4838761 594110 594110
2370 5432871 4838761 594110 594110
2380 5432871 4838761 594110 594110
2390 5432871 4838761 594110 594110
2400 5432871 4838761 594110 594110
2410 5432871 4838761 594110 594110
2420 5432871 4838761 594110 594110
2430 5432871 4838761 594110 594110
2440 5432871 4838761 594110 594110
2450 5432871 4838761 594110 594110
2460 5432871 4838761 594110 594110
2470 5432871 4838761 594110 594110
2480 5432871 4838761 594110 594110
2490 5432871 4838761 594110 594110
2500 5432871 4838761 594110 594110
2510 5432871 4838761 594110 594110
2520 5432871 4838761 594110 594110
2530 5432871 4838761 594110 594110
2540 5432871 4838761 594110 594110
2550 5432871 4838761 594110 594110
2560 5432871 4838761 594110 594110
2570 5432871 4838761 594110 594110
2580 5432871 4838761 594110 594110
2590 5432871 4838761 594110 594110
2600 5432871 4838761 594110 594110
2610 5432871 4838761 594110 594110
2620 5432871 4838761 594110 594110
2630 5432871 4838761 594110 594110
2640 5432871 4838761 594110 594110
2650 5432871 4838761 594110 594110
2660 5432871 4838761 594110 594110
2670 5432871 4838761 594110 594110
2680 5432871 4838761 594110 594110
2690 5432871 4838761 594110 594110
2700 5432871 4838761 594110 594110
2710 5432871 4838761 594110 594110
2720 5432871 4838761 594110 594110
2730 5432871 4838761 594110 594110
2740 5432871 4838761 594110 594110
2750 5432871 4838761 594110 594110
2760 5432871 4838761 594110 594110
2770 5432871 4838761 594110 594110
2780 5432871 4838761 594110 594110
2790 5432871 4838761 594110 594110
2800 5432871 4838761 594110 594110
2810 5432871 4838761 594110 594110
2820 5432871 4838761 594110 594110
2830 5432871 4838761 594110 594110
2840 5432871 4838761 594110 594110
2850 5432871 4838761 594110 594110
2860 5432871 4838761 594110 594110
2870 5432871 4838761 594110 594110
2880 5432871 4838761 594110 594110
2890 5432871 4838761 594110 594110
2900 5432871 4838761 594110 594110
2910 5432871 4838761 594110 594110
2920 5432871 4838761 594110 594110
2930 5432871 4838761 594110 594110
2940 5432871 4838761 594110 594110
2950 5432871 4838761 594110 594110
2960 5432871 4838761 594110 594110
2970 5432871 4838761 594110 594110
2980 5432871 4838761 594110 594110
2990 5432871 4838761 594110 594110
3000 5432871 4838761 594110 594110
3010 5432871 4838761 594110 594110
3020 5432871 4838761 594110 594110
3030 5432871 4838761 594110 594110
3040 5432871 4838761 594110 594110
3050 5432871 4838761 594110 594110
3060 5432871 4838761 594110 594110
3070 5432871 4838761 594110 594110
3080 5432871 4838761 594110 594110
3090 5432871 4838761 594110 594110
3100 5432871 4838761 594110 594110
3110 5432871 4838761 594110 594110
3120 5432871 4838761 594110 594110
3130 5432871 4838761 594110 594110
3140 5432871 4838761 594110 594110
3150 5432871 4838761 594110 594110
3160 5432871 4838761 594110 594110
3170 5432871 4838761 594110 594110
3180 5432871 4838761 594110 594110
3190 5432871 4838761 594110 594110
3200 5432871 4838761 594110 594110
3210 5432871 4838761 594110 594110
3220 5432871 4838761 594110 594110
3230 5432871 4838761 594110 594110
3240 5432871 4838761 594110 594110
3250 5432871 4838761 594110 594110
3260 5432871 4838761 594110 594110
3270 5432871 4838761 594110 594110
3280 5432871 4838761 594110 594110
3290 5432871 4838761 594110 594110
3300 5432871 4838761 594110 594110
3310 5432871 4838761 594110 594110
3320 5432871 4838761 594110 594110
3330 5432871 4838761 594110 594110
3340 5432871 4838761 594110 594110
3350 5432871 4838761 594110 594110
3360 5432871 4838761 594110 594110
3370 5432871 4838761 594110 594110
3380 5432871 4838761 594110 594110
3390 5432871 4838761 594110 594110
3400 5432871 4838761 594110 594110
3410 5432871 4838761 594110 594110
3420 5432871 4838761 594110 594110
3430 5432871 4838761 594110 594110
3440 5432871 4838761 594110 594110
3450 5432871 4838761 594110 594110
3460 5432871 4838761 594110 594110
3470 5432871 4838761 594110 594110
3480 5432871 4838761 594110 594110
3490 5432871 4838761 594110 594110
3500 5432871 4838761 594110 594110
3510 5432871 4838761 594110 594110
3520 5432871 4838761 594110 594110
3530 5432871 4838761 594110 594110
3540 5432871 4838761 594110 594110
3550 5432871 4838761 594110 594110
3560 5432871 4838761 594110 594110
3570 5432871 4838761 594110 594110
3580 5432871 4838761 594110 594110
3590 5432871 4838761 594110 594110
3600 5432871 4838761 594110 594110
3610 5432871 4838761 594110 594110
3620 5432871 4838761 594110 594110
3630 5432871 4838761 594110 594110
3640 5432871 4838761 594110 594110
3650 5432871 4838761 594110 594110
3660 5432871 4838761 594110 594110
3670 5432871 4838761 594110 594110
3680 5432871 4838761 594110 594110
3690 5432871 4838761 594110 594110
3700 5432871 4838761 594110 594110
3710 5432871 4838761 594110 594110
3720 5432871 4838761 594110 594110
3730 5432871 4838761 594110 594110
3740 5432871 4838761 594110 594110
3750 5432871 4838761 594110 594110
3760 5432871 4838761 594110 594110
3770 5432871 4838761 594110 594110
3780 5432871 4838761 594110 594110
3790 5432871 4838761 594110 594110
3800 5432871 4838761 594110 594110
3810 5432871 4838761 594110 594110
3820 5432871 4838761 594110 594110
3830 5432871 4838761 594110 594110
3840 5432871 4838761 594110 594110
3850 5432871 4838761 594110 594110
3860 5432871 4838761 594110 594110
3870 5432871 4838761 594110 594110
3880 5432871 4838761 594110 594110
3890 5432871 4838761 594110 594110
3900 5432871 4838761 594110 594110
3910 5432871 4838761 594110 594110
3920 5432871 4838761 594110 594110
3930 5432871 4838761 594110 594110
3940 5432871 4838761 594110 594110
3950 5432871 4838761 594110 594110
3960 5432871 4838761 594110 594110
3970 5432871 4838761 594110 594110
3980 5432871 4838761 594110 594110
3990 5432871 4838761 594110 594110
4000 5432871 4838761 594110 594110
4010 5432871 4838761 594110 594110
4020 5432871 4838761 594110 594110
4030 5432871 4838761 594110 594110
4040 5432871 4838761 594110 594110
4050 5432871 4838761 594110 594110
4060 5432871 4838761 594110 594110
4070 5432871 4838761 594110 594110
4080 5432871 4838761 594110 594110
4090 5432871 4838761 594110 594110
4100 5432871 4838761 594110 594110
4110 5432871 4838761 594110 594110
4120 5432871 4838761 594110 594110
4130 5432871 4838761 594110 594110
4140 5432871 4838761 594110 594110
4150 5432871 4838761 594110 594110
4160 5432871 4838761 594110 594110
4170 5432871 4838761 594110 594110
4180 5432871 4838761 594110 594110
4190 5432871 4838761 594110 594110
4200 5432871 4838761 594110 594110
4210 5432871 4838761 594110 594110
4220 5432871 4838761 594110 594110
4230 5432871 4838761 594110 594110
4240 5432871 4838761 594110 594110
4250 5432871 4838761 594110 594110
4260 5432871 4838761 594110 594110
4270 5432871 4838761 594110 594110
4280 5432871 4838761 594110 594110
4290 5432871 4838761 594110 594110
4300 5432871 4838761 594110 594110
4310 5432871 4838761 594110 594110
4320 5432871 4838761 594110 594110
4330 5432871 4838761 594110 594110
4340 5432871 4838761 594110 594110
4350 5432871 4838761 594110 594110
4360 5432871 4838761 594110 594110
4370 5432871 4838761 594110 594110
4380 5432871 4838761 594110 594110
4390 5432871 4838761 594110 594110
4400 5432871 4838761 594110 594110
4410 5432871 4838761 594110 594110
4420 5432871 4838761 594110 594110
4430 5432871 4838761 594110 594110
4440 5432871 4838761 594110 594110
4450 5432871 4838761 594110 594110
4460 5432871 4838761 594110 594110
4470 5432871 4838761 594110 594110
4480 5432871 4838761 594110 594110
4490 5432871 4838761 594110 594110
4500 5432871 4838761 594110 594110
4510 5432871 4838761 594110 594110
4520 5432871 4838761 594110 594110
4530 5432871 4838761 594110 594110
4540 5432871 4838761 594110 594110
4550 5432871 4838761 594110 594110
4560 5432871 4838761 594110 594110
4570 5432871 4838761 594110 594110
4580 5432871 4838761 594110 594110
4590 5432871 4838761 594110 594110
4600 5432871 4838761 594110 594110
4610 5432871 4838761 594110 594110
4620 5432871 4838761 594110 594110
4630 5432871 4838761 594110 594110
4640 5432871 4838761 594110 594110
4650 5432871 4838761 594110 594110
4660 5432871 4838761 594110 594110
4670 5432871 4838761 594110 594110
4680 5432871 4838761 594110 594110
4690 5432871 4838761 594110 594110
4700 5432871 4838761 594110 594110
4710 5432871 4838761 594110 594110
4720 5432871 4838761 594110 594110
4730 5432871 4838761 594110 594110
4740 5432871 4838761 594110 594110
4750 5432871 4838761 594110 594110
4760 5432871 4838761 594110 594110
4770 5432871 4838761 594110 594110
4780 5432871 4838761 594110 594110
4790 5432871 4838761 594110 594110
4800 5432871 4838761 594110 594110
4810 5432871 4838761 594110 594110
4820 5432871 4838761 594110 594110
4830 5432871 4838761 594110 594110
4840 5432871 4838761 594110 594110
4850 5432871 4838761 594110 594110
4860 5432871 4838761 594110 594110
4870 5432871 4838761 594110 594110
4880 5432871 4838761 594110 594110
4890 5432871 4838761 594110 594110
4900 5432871 4838761 594110 594110
4910 5432871 4838761 594110 594110
4920 5432871 4838761 594110 594110
4930 5432871 4838761 594110 594110
4940 5432871 4838761 594110 594110
4950 5432871 4838761 594110 594110
4960 5432871 4838761 594110 594110
4970 5432871 4838761 594110 594110
4980 5432871 4838761 594110 594110
4990 5432871 4838761 594110 594110
5000 5432871 4838761 594110 594110
5010 5432871 4838761 594110 594110
5020 5432871 4838761 594110 594110
5030 5432871 4838761 594110 594110
5040 5432871 4838761 594110 594110
5050 5432871 4838761 594110 594110
5060 5432871 4838761 594110 594110
5070 5432871 4838761 594110 594110
5080 5432871 4838761 594110 594110
5090 5432871 4838761 594110 594110
5100 5432871 4838761 594110 594110
5110 5432871 4838761 594110 594110
5120 5432871 4838761 594110 594110
5130 5432871 4838761 594110 594110
5140 5432871 4838761 594110 594110
5150 5432871 4838761 594110 594110
5160 5432871 4838761 594110 594110
5170 5432871 4838761 594110 594110
5180 5432871 4838761 594110 594110
5190 5432871 4838761 594110 594110
5200 5432871 4838761 594110 594110
5210 5432871 4838761 594110 594110
5220 5432871 4838761 594110 594110
5230 5432871 4838761 594110 594110
5240 5432871 4838761 594110 594110
5250 5432871 4838761 594110 594110
5260 5432871 4838761 594110 594110
5270 5432871 4838761 594110 594110
5280 5432871 4838761 594110 594110
5290 5432871 4838761 594110 594110
5300 5432871 4838761 594110 594110
5310 5432871 4838761 594110 594110
5320 5432871 4838761 594110 594110
5330 5432871 4838761 594110 594110
5340 5432871 4838761 594110 594110
5350 5432871 4838761 594110 594110
5360 5432871 4838761 594110 594110
5370 5432871 4838761 594110 594110
5380 5432871 4838761 594110 594110
5390 5432871 4838761 594110 594110
5400 5432871 4838761 594110 594110
5410 5432871 4838761 594110 594110
5420 5432871 4838761 594110 594110
5430 5432871 4838761 594110 594110
5440 5432871 4838761 594110 594110
5450 5432871 4838761 594110 594110
5460 5432871 4838761 594110 594110
5470 5432871 4838761 594110 594110
5480 5432871 4838761 594110 594110
5490 5432871 4838761 594110 594110
5500 5432871 4838761 594110 594110
5510 5432871 4838761 594110 594110
5520 5432871 4838761 594110 594110
5530 5432871 4838761 594110 594110
5540 5432871 4838761 594110 594110
5550 5432871 4838761 594110 594110
5560 5432871 4838761 594110 594110
5570 5432871 4838761 594110 594110
5580 5432871 4838761 594110 594110
5590 5432871 4838761 594110 594110
5600 5432871 4838761 594110 594110
5610 5432871 4838761 594110 594110
5620 5432871 4838761 594110 594110
5630 5432871 4838761 594110 594110
5640 5432871 4838761 594110 594110
5650 5432871 4838761 594110 594110
5660 5432871 4838761 594110 594110
5670 5432871 4838761 594110 594110
5680 5432871 4838761 594110 594110
5690 5432871 4838761 594110 594110
5700 5432871 4838761 594110 594110
5710 5432871 4838761 594110 594110
5720 5432871 4838761 594110 594110
5730 5432871 4838761 594110 594110
5740 5432871 4838761 594110 594110
5750 5432871 4838761 594110 594110
5760 5432871 4838761 594110 594110
5770 5432871 4838761 594110 594110
5780 5432871 4838761 594110 594110
5790 5432871 4838761 594110 594110
5800 5432871 4838761 594110 594110
5810 5432871 4838761 594110 594110
5820 5432871 4838761 594110 594110
5830 5432871 4838761 594110 594110
5840 5432871 4838761 594110 594110
5850 5432871 4838761 594110 594110
5860 5432871 4838761 594110 594110
5870 5432871 4838761 594110 594110
5880 5432871 4838761 594110 594110
5890 5432871 4838761 594110 594110
5900 5432871 4838761 594110 594110
5910 5432871 4838761 594110 594110
5920 5432871 4838761 594110 594110
5930 5432871 4838761 594110 594110
5940 5432871 4838761 594110 594110
5950 5432871 4838761 594110 594110
5960 5432871 4838761 594110 594110
5970 5432871 4838761 594110 594110
5980 5432871 4838761 594110 594110
5990 5432871 4838761 594110 594110
6000 5432871 4838761 594110 594110
6010 5432871 4838761 594110 594110
6020 5432871 4838761 594110 594110
6030 5432871 4838761 594110 594110
6040 5432871 4838761 594110 594110
6050 5432871 4838761 594110 594110
6060 5432871 4838761 594110 594110
6070 5432871 4838761 594110 594110
6080 5432871 4838761 594110 594110
6090 5432871 4838761 594110 594110
6100 5432871 4838761 594110 594110
6110 5432871 4838761 594110 594110
6120 5432871 4838761 594110 594110
6130 5432871 4838761 594110 594110
6140 5432871 4838761 594110 594110
6150 5432871 4838761 594110 594110
6160 5432871 4838761 594110 594110
6170 5432871 4838761 594110 594110
6180 5432871 4838761 594110 594110
6190 5432871 4838761 594110 594110
6200 5432871 4838761 594110 594110
6210 5432871 4838761 594110 594110
6220 5432871 4838761 594110 594110
6230 5432871 4838761 594110 594110
6240 5432871 4838761 594110 594110
6250 5432871 4838761 594110 594110
6260 5432871 4838761 594110 594110
6270 5432871 4838761 594110 594110
6280 5432871 4838761 594110 594110
6290 5432871 4838761 594110 594110
6300 5432871 4838761 594110 594110
6310 5432871 4838761 594110 594110
6320 5432871 4838761 594110 594110
6330 5432871 4838761 594110 594110
6340 5432871 4838761 594110 594110
6350 5432871 4838761 594110 594110
6360 5432871 4838761 594110 594110
6370 5432871 4838761 594110 594110
6380 5432871 4838761 594110 594110
6390 5432871 4838761 594110 594110
6400 5432871 4838761 594110 594110
6410 5432871 4838761 594110 594110
6420 5432871 4838761 594110 594110
6430 5432871 4838761 594110 594110
6440 5432871 4838761 594110 594110
6450 5432871 4838761 594110 594110
6460 5432871 4838761 594110 594110
6470 5432871 4838761 594110 594110
6480 5432871 4838761 594110 594110
6490 5432871 4838761 594110 594110
6500 5432871 4838761 594110 594110
6510 5432871 4838761 594110 594110
6520 5432871 4838761 594110 594110
6530 5432871 4838761 594110 594110
6540 5432871 4838761 594110 594110
6550 5432871 4838761 594110 594110
6560 5432871 4838761 594110 594110
6570 5432871 4838761 594110 594110
6580 5432871 4838761 594110 594110
6590 5432871 4838761 594110 594110
6600 5432871 4838761 594110 594110
6610 5432871 4838761 594110 594110
6620 5432871 4838761 594110 594110
6630 5432871 4838761 594110 594110
6640 5432871 4838761 594110 594110
6650 5432871 4838761 594110 594110
6660 5432871 4838761 594110 594110
6670 5432871 4838761 594110 594110
6680 5432871 4838761 594110 594110
6690 5432871 4838761 594110 594110
6700 5432871 4838761 594110 594110
6710 5432871 4838761 594110 594110
6720 5432871 4838761 594110 594110
6730 5432871 4838761 594110 594110
6740 5432871 4838761 594110 594110
6750 5432871 4838761 594110 594110
6760 5432871 4838761 594110 594110
6770 5432871 4838761 594110 594110
6780 5432871 4838761 594110 594110
6790 5432871 4838761 594110 594110
6800 5432871 4838761 594110 594110
6810 5432871 4838761 594110 594110
6820 5432871 4838761 594110 594110
6830 5432871 4838761 594110 594110
6840 5432871 4838761 594110 594110
6850 5432871 4838761 594110 594110
6860 5432871 4838761 594110 594110
6870 5432871 4838761 594110 594110
6880 5432871 4838761 594110 594110
6890 5432871 4838761 594110 594110
6900 5432871 4838761 594110 594110
6910 5432871 4838761 594110 594110
6920 5432871 4838761 594110 594110
6930 5432871 4838761 594110 594110
6940 5432871 4838761 594110 594110
6950 5432871 4838761 594110 594110
6960 5432871 4838761 594110 594110
6970 5432871 4838761 594110 594110
6980 5432871 4838761 594110 594110
6990 5432871 4838761 594110 594110
7000 5432871 4838761 594110 594110
7010 5432871 4838761 594110 594110
7020 5432871 4838761 594110 594110
7030 5432871 4838761 594110 594110
7040 5432871 4838761 594110 594110
7050 5432871 4838761 594110 594110
7060 5432871 4838761 594110 594110
7070 5432871 4838761 594110 594110
7080 5432871 4838761 594110 594110
7090 5432871 4838761 594110 594110
7100 5432871 4838761 594110 594110
7110 5432871 4838761 594110 594110
7120 5432871 4838761 594110 594110
7130 5432871 4838761 594110 594110
7140 5432871 4838761 594110 594110
7150 5432871 4838761 594110 594110
7160 5432871 4838761 594110 594110
7170 5432871 4838761 594110 594110
7180 5432871 4838761 594110 594110
7190 5432871 4838761 594110 594110
7200 5432871 4838761 594110 594110
7210 5432871 4838761 594110 594110
7220 5432871 4838761 594110 594110
7230 5432871 4838761 594110 594110
7240 5432871 4838761 594110 594110
7250 5432871 4838761 594110 594110
7260 5432871 4838761 594110 594110
7270 5432871 4838761 594110 594110
7280 5432871 4838761 594110 594110
7290 5432871 4838761 594110 594110
7300 5432871 4838761 594110 594110
7310 5432871 4838761 594110 594110
7320 5432871 4838761 594110 594110
7330 5432871 4838761 594110 594110
7340 5432871 4838761 594110 594110
7350 5432871 4838761 594110 594110
7360 5432871 4838761 594110 594110
7370 5432871 4838761 594110 594110
7380 5432871 4838761 594110 594110
7390 5432871 4838761 594110 594110
7400 5432871 4838761 594110 594110
7410 5432871 4838761 594110 594110
7420 5432871 4838761 594110 594110
7430 5432871 4838761 594110 594110
7440 5432871 4838761 594110 594110
7450 5432871 4838761 594110 594110
7460 5432871 4838761 594110 594110
7470 5432871 4838761 594110 594110
7480 5432871 4838761 594110 594110
7490 5432871 4838761 594110 594110
7500 5432871 4838761 594110 594110
7510 5432871 4838761 594110 594110
7520 5432871 4838761 594110 594110
7530 5432871 4838761 594110 594110
7540 5432871 4838761 594110 594110
7550 5432871 4838761 594110 594110
7560 5432871 4838761 594110 594110
7570 5432871 4838761 594110 594110
7580 5432871 4838761 594110 594110
7590 5432871 4838761 594110 594110
7600 5432871 4838761 594110 594110
7610 5432871 4838761 594110 594110
7620 5432871 4838761 594110 594110
7630 5432871 4838761 594110 594110
7640 5432871 4838761 594110 594110
7650 5432871 4838761 594110 594110
7660 5432871 4838761 594110 594110
7670 5432871 4838761 594110 594110
7680 5432871 4838761 594110 594110
7690 5432871 4838761 594110 594110
7700 5432871 4838761 594110 594110
7710 5432871 4838761 594110 594110
7720 5432871 4838761 594110 594110
7730 5432871 4838761 594110 594110
7740 5432871 4838761 594110 594110
7750 5432871 4838761 594110 594110
7760 5432871 4838761 594110 594110
7770 5432871 4838761 594110 594110
7780 5432871 4838761 594110 594110
7790 5432871 4838761 594110 594110
7800 5432871 4838761 594110 594110
7810 5432871 4838761 594110 594110
7820 5432871 4838761 594110 594110
7830 5432871 4838761 594110 594110
7840 5432871 4838761 594110 594110
7850 5432871 4838761 594110 594110
7860 5432871 4838761 594110 594110
7870 5432871 4838761 594110 594110
7880 5432871 4838761 594110 594110
7890 5432871 4838761 594110 594110
7900 5432871 4838761 594110 594110
7910 5432871 4838761 594110 594110
7920 5432871 4838761 594110 594110
7930 5432871 4838761 594110 594110
7940 5432871 4838761 594110 594110
7950 5432871 4838761 594110 594110
7960 5432871 4838761 594110 594110
7970 5432871 4838761 594110 594110
7980 5432871 4838761 594110 594110
7990 5432871 4838761 594110 594110
8000 5432871 4838761 594110 594110
8010 5432871 4838761 594110 594110
8020 5432871 4838761 594110 594110
8030 5432871 4838761 594110 594110
8040 5432871 4838761 594110 594110
8050 5432871 4838761 594110 594110
8060 5432871 4838761 594110 594110
8070 5432871 4838761 594110 594110
8080 5432871 4838761 594110 594110
8090 5432871 4838761 594110 594110
8100 5432871 4838761 594110 594110
8110 5432871 4838761 594110 594110
8120 5432871 4838761 594110 594110
8130 5432871 4838761 594110 594110
8140 5432871 4838761 594110 594110
8150 5432871 4838761 594110 594110
8160 5432871 4838761 594110 594110
8170 5432871 4838761 594110 594110
8180 5432871 4838761 594110 594110
8190 5432871 4838761 594110 594110
8200 5432871 4838761 594110 594110
8210 5432871 4838761 594110 594110
8220 5432871 4838761 594110 594110
8230 5432871 4838761 594110 594110
8240 5432871 4838761 594110 594110
8250 5432871 4838761 594110 594110
8260 5432871 4838761 594110 594110
8270 5432871 4838761 594110 594110
8280 5432871 4838761 594110 594110
8290 5432871 4838761 594110 594110
8300 5432871 4838761 594110 594110
8310 5432871 4838761 594110 594110
8320 5432871 4838761 594110 594110
8330 5432871 4838761 594110 594110
8340 5432871 4838761 594110 594110
8350 5432871 4838761 594110 594110
8360 5432871 4838761 594110 594110
8370 5432871 4838761 594110 594110
8380 5432871 4838761 594110 594110
8390 5432871 4838761 594110 594110
8400 5432871 4838761 594110 594110
8410 5432871 4838761 594110 594110
8420 5432871 4838761 594110 594110
8430 5432871 4838761 594110 594110
8440 5432871 4838761 594110 594110
8450 5432871 4838761 594110 594110
8460 5432871 4838761 594110 594110
8470 5432871 4838761 594110 594110
8480 5432871 4838761 594110 594110
8490 5432871 4838761 594110 594110
8500 5432871 4838761 594110 594110
8510 5432871 4838761 594110 594110
8520 5432871 4838761 594110 594110
8530 5432871 4838761 594110 594110
8540 5432871 4838761 594110 594110
8550 5432871 4838761 594110 594110
8560 5432871 4838761 594110 594110
8570 5432871 4838761 594110 594110
8580 5432871 4838761 594110 594110
8590 5432871 4838761 594110 594110
8600 5432871 4838761 594110 594110
8610 5432871 4838761 594110 594110
8620 5432871 4838761 594110 594110
8630 5432871 4838761 594110 594110
8640 5432871 4838761 594110 594110
8650 5432871 4838761 594110 594110
8660 5432871 4838761 594110 594110
8670 5432871 4838761 594110 594110
8680 5432871 4838761 594110 594110
8690 5432871 4838761 594110 594110
8700 5432871 4838761 594110 594110
8710 5432871 4838761 594110 594110
8720 5432871 4838761 594110 594110
8730 5432871 4838761 594110 594110
8740 5432871 4838761 594110 594110
8750 5432871 4838761 594110 594110
8760 5432871 4838761 594110 594110
8770 5432871 4838761 594110 594110
8780 5432871 4838761 594110 594110
8790 5432871 4838761 594110 594110
8800 5432871 4838761 594110 594110
8810 5432871 4838761 594110 594110
8820 5432871 4838761 594110 594110
8830 5432871 4838761 594110 594110
8840 5432871 4838761 594110 594110
8850 5432871 4838761 594110 594110
8860 5432871 4838761 594110 594110
8870 5432871 4838761 594110 594110
8880 5432871 4838761 594110 594110
8890 5432871 4838761 594110 594110
8900 5432871 4838761 594110 594110
8910 5432871 4838761 594110 594110
8920 5432871 4838761 594110 594110
8930 5432871 4838761 594110 594110
8940 5432871 4838761 594110 594110
8950 5432871 4838761 594110 594110
8960 5432871 4838761 594110 594110
8970 5432871 4838761 594110 594110
8980 5432871 4838761 594110 594110
8990 5432871 4838761 594110 594110
9000 5432871 4838761 594110 594110
9010 5432871 4838761 594110 594110
9020 5432871 4838761 594110 594110
9030 5432871 4838761 594110 594110
9040 5432871 4838761 594110 594110
9050 5432871 4838761 594110 594110
9060 5432871 4838761 594110 594110
9070 5432871 4838761 594110 594110
9080 5432871 4838761 594110 594110
9090 5432871 4838761 594110 594110
9100 5432871 4838761 594110 594110
9110 5432871 4838761 594110 594110
9120 5432871 4838761 594110 594110
9130 5432871 4838761 594110 594110
9140 5432871 4838761 594110 594110
9150 5432871 4838761 594110 594110
9160 5432871 4838761 594110 594110
9170 5432871 4838761 594110 594110
9180 5432871 4838761 594110 594110
9190 5432871 4838761 594110 594110
9200 5432871 4838761 594110 594110
9210 5432871 4838761 594110 594110
9220 5432871 4838761 594110 594110
9230 5432871 4838761 594110 594110
9240 5432871 4838761 594110 594110
9250 5432871 4838761 594110 594110
9260 5432871 4838761 594110 594110
9270 5432871 4838761 594110 594110
9280 5432871 4838761 594110 594110
9290 5432871 4838761 594110 594110
9300 5432871 4838761 594110 594110
9310 5432871 4838761 594110 594110
9320 5432871 4838761 594110 594110
9330 5432871 4838761 594110 594110
9340 5432871 4838761 594110 594110
9350 5432871 4838761 594110 594110
9360 5432871 4838761 594110 594110
9370 5432871 4838761 594110 594110
9380 5432871 4838761 594110 594110
9390 5432871 4838761 594110 594110
9400 5432871 4838761 594110 594110
9410 5432871 4838761 594110 594110
9420 5432871 4838761 594110 594110
9430 5432871 4838761 594110 594110
9440 5432871 4838761 594110 594110
9450 5432871 4838761 594110 594110
9460 5432871 4838761 594110 594110
9470 5432871 4838761 594110 594110
9480 5432871 4838761 594110 594110
9490 5432871 4838761 594110 594110
9500 5432871 4838761 594110 594110
9510 5432871 4838761 594110 594110
9520 5432871 4838761 594110 594110
9530 5432871 4838761 594110 594110
9540 5432871 4838761 594110 594110
9550 5432871 4838761 594110 594110
9560 5432871 4838761 594110 594110
9570 5432871 4838761 594110 594110
9580 5432871 4838761 594110 594110
9590 5432871 4838761 594110 594110
9600 5432871 4838761 594110 594110
9610 5432871 4838761 594110 594110
9620 5432871 4838761 594110 594110
9630 5432871 4838761 594110 594110
9640 5432871 4838761 594110 594110
9650 5432871 4838761 594110 594110
9660 5432871 4838761 594110 594110
9670 5432871 4838761 594110 594110
9680 5432871 4838761 594110 594110
9690 5432871 4838761 594110 594110
9700 5432871 4838761 594110 594110
9710 5432871 4838761 594110 594110
9720 5432871 4838761 594110 594110
9730 5432871 4838761 594110 594110
9740 5432871 4838761 594110 594110
9750 5432871 4838761 594110 594110
9760 5432871 4838761 594110 594110
9770 5432871 4838761 594110 594110
9780 5432871 4838761 594110 594110
9790 5432871 4838761 594110 594110
9800 5432871 4838761 594110 594110
9810 5432871 4838761 594110 594110
9820 5432871 4838761 594110 594110
9830 5432871 4838761 594110 594110
9840 5432871 4838761 594110 594110
9850 5432871 4838761 594110 594110
9860 5432871 4838761 594110 594110
9870 5432871 4838761 594110 594110
9880 5432871 4838761 594110 594110
9890 5432871 4838761 594110 594110
9900 5432871 4838761 594110 594110
9910 5432871 4838761 594110 594110
9920 5432871 4838761 594110 594110
9930 5432871 4838761 594110 594110
9940 5432871 4838761 594110 594110
9950 5432871 4838761 594110 594110
9960 5432871 4838761 594110 594110
9970 5432871 4838761 594110 594110
9980 5432871 4838761 594110 594110
9990 5432871 4838761 594110 594110
10000 5432871 4838761 594110 594110
10010 5432871 4838761 594110 594110
10020 5432871 4838761 594110 594110
10030 5432871 4838761 594110 594110
10040 5432871 4838761 594110 594110
10050 5432871 4838761 594110 594110
10060 5432871 4838761 594110 594110
10070 5432871 4838761 594110 594110
10080 5432871 4838761 594110 594110
10090 5432871 4838761 594110 594110
10100 5432871 4838761 594110 594110
10110 5432871 4838761 594110 594110
10120 5432871 4838761 594110 594110
10130 5432871 4838761 594110 594110
10140 5432871 4838761 594110 594110
10150 5432871 4838761 594110 594110
10160 5432871 4838761 594110 594110
10170 5432871 4838761 594110 594110
10180 5432871 4838761 594110 594110
10190 5432871 4838761 594110 594110
10200 5432871 4838761 594110 594110
10210 5432871 4838761 594110 594110
10220 5432871 4838761 594110 594110
10230 5432871 4838761 594110 594110
10240 5432871 4838761 594110 594110
10250 5432871 4838761 594110 594110
10260 5432871 4838761 594110 594110
10270 5432871 4838761 594110 594110
10280 5432871 4838761 594110 594110
10290 5432871 4838761 594110 594110
10300 5432871 4838761 594110 594110
10310 5432871 4838761 594110 594110
10320 5432871 4838761 594110 594110
10330 5432871 4838761 594110 594110
10340 5432871 4838761 594110 594110
10350 5432871 4838761 594110 594110
10360 5432871 4838761 594110 594110
10370 5432871 4838761 594110 594110
10380 5432871 4838761 594110 594110
10390 5432871 4838761 594110 594110
10400 5432871 4838761 594110 594110
10410 5432871 4838761 594110 594110
10420 5432871 4838761 594110 594110
10430 5432871 4838761 594110 594110
10440 5432871 4838761 594110 594110
10450 5432871 4838761 594110 594110
10460 5432871 4838761 594110 594110
10470 5432871 4838761 594110 594110
10480 5432871 4838761 594110 594110
10490 5432871 4838761 594110 594110
10500 5432871 4838761 594110 594110
10510 5432871 4838761 594110 594110
10520 5432871 4838761 594110 594110
10530 5432871 4838761 594110 594110
10540 5432871 4838761 594110 594110
10550 5432871 4838761 594110 594110
10560 5432871 4838761 594110 594110
10570 5432871 4838761 594110 594110
10580 5432871 4838761 594110 594110
10590 5432871 4838761 594110 594110
10600 5432871 4838761 594110 594110
10610 5432871 4838761 594110 594110
10620 5432871 4838761 594110 594110
10630 5432871 4838761 594110 594110
10640 5432871 4838761 594110 594110
10650 5432871 4838761 594110 594110
10660 5432871 4838761 594110 594110
10670 5432871 4838761 594110 594110
10680 5432871 4838761 594110 594110
10690 5432871 4838761 594110 594110
10700 5432871 4838761 594110 594110
10710 5432871 4838761 594110 594110
10720 5432871 4838761 594110 594110
10730 5432871 4838761 594110 594110
10740 5432871 4838761 594110 594110
10750 5432871 4838761 594110 594110
10760 5432871 4838761 594110 594110
10770 5432871 4838761 594110 594110
10780 5432871 4838761 594110 594110
10790 5432871 4838761 594110 594110
10800 5432871 4838761 594110 594110
10810 5432871 4838761 594110 594110
10820 5432871 4838761 594110 594110
10830 5432871 4838761 594110 594110
10840 5432871 4838761 594110 594110
10850 5432871 4838761 594110 594110
10860 5432871 4838761 594110 594110
10870 5432871 4838761 594110 594110
10880 5432871 4838761 594110 594110
10890 5432871 4838761 594110 594110
10900 5432871 4838761 594110 594110
10910 5432871 4838761 594110 594110
10920 5432871 4838761 594110 594110
10930 5432871 4838761 594110 594110
10940 5432871 4838761 594110 594110
10950 5432871 4838761 594110 594110
10960 5432871 4838761 594110 594110
10970 5432871 4838761 594110 594110
10980 5432871 4838761 594110 594110
10990 5432871 4838761 594110 594110
11000 5432871 4838761 594110 594110
11010 5432871 4838761 594110 594110
11020 5432871 4838761 594110 594110
11030 5432871 4838761 594110 594110
11040 5432871 4838761 594110 594110
11050 5432871 4838761 594110 594110
11060 5432871 4838761 594110 594110
11070 5432871 4838761 594110 594110
11080 5432871 4838761 594110 594110
11090 5432871 4838761 594110 594110
11100 5432871 4838761 594110 594110
11110 5432871 4838761 594110 594110
11120 5432871 4838761 594110 594110
11130 5432871 4838761 594110 594110
11140 5432871 4838761 594110 594110
11150 5432871 4838761 594110 594110
11160 5432871 4838761 594110 594110
11170 5432871 4838761 594110 594110
11180 5432871 4838761 594110 594110
11190 5432871 4838761 594110 594110
11200 5432871 4838761 594110 594110
11210 5432871 4838761 594110 594110
11220 5432871 4838761 594110 594110
11230 5432871 4838761 594110 594110
11240 5432871 4838761 594110 594110
11250 5432871 4838761 594110 594110
11260 5432871 4838761 594110 594110
11270 5432871 4838761 594110 594110
11280 5432871 4838761 594110 594110
11290 5432871 4838761 594110 594110
11300 5432871 4838761 594110 594110
11310 5432871 4838761 594110 594110
11320 5432871 4838761 594110 594110
11330 5432871 4838761 594110 594110
11340 5432871 4838761 594110 594110
11350 5432871 4838761 594110 594110
11360 5432871 4838761 594110 594110
11370 5432871 4838761 594110 594110
11380 5432871 4838761 594110 594110
11390 5432871 4838761 594110 594110
11400 5432871 4838761 594110 594110
11410 5432871 4838761 594110 594110
11420 5432871 4838761 594110 594110
11430 5432871 4838761 594110 594110
11440 5432871 4838761 594110 594110
11450 5432871 4838761 594110 594110
11460 5432871 4838761 594110 594110
11470 5432871 4838761 594110 594110
11480 5432871 4838761 594110 594110
11490 5432871 4838761 594110 594110
11500 5432871 4838761 594110 594110
11510 5432871 4838761 594110 594110
11520 5432871 4838761 594110 594110
11530 5432871 4838761 594110 594110
11540 5432871 4838761 594110 594110
11550 5432871 4838761 594110 594110
11560 5432871 4838761 594110 594110
11570 5432871 4838761 594110 594110
11580 5432871 4838761 594110 594110
11590 5432871 4838761 594110 594110
11600 5432871 4838761 594110 594110
11610 5432871 4838761 594110 594110
11620 5432871 4838761 594110 594110
11630 5432871 4838761 594110 594110
11640 5432871 4838761 594110 594110
11650 5432871 4838761 594110 594110
11660 5432871 4838761 594110 594110
11670 5432871 4838761 594110 594110
11680 5432871 4838761 594110 594110
11690 5432871 4838761 594110 594110
11700 5432871 4838761 594110 594110
11710 5432871 4838761 594110 594110
11720 5432871 4838761 594110 594110
11730 5432871 4838761 594110 594110
11740 5432871 4838761 594110 594110
11750 5432871 4838761 594110 594110
11760 5432871 4838761 594110 594110
11770 5432871 4838761 594110 594110
11780 5432871 4838761 594110 594110
11790 5432871 4838761 594110 594110
11800 5432871 4838761 594110 594110
11810 5432871 4838761 594110 594110
11820 5432871 4838761 594110 594110
11830 5432871 4838761 594110 594110
11840 5432871 4838761 594110 594110
11850 5432871 4838761 594110 594110
11860 5432871 4838761 594110 594110
11870 5432871 4838761 594110 594110
11880 5432871 4838761 594110 594110
11890 5432871 4838761 594110 594110
11900 5432871 4838761 594110 594110
11910 5432871 4838761 594110 594110
11920 5432871 4838761 594110 594110
11930 5432871 4838761 594110 594110
11940 5432871 4838761 594110 594110
11950 5432871 4838761 594110 594110
11960 5432871 4838761 594110 594110
11970 5432871 4838761 594110 594110
11980 5432871 4838761 594110 594110
11990 5432871 4838761 594110 594110
12000 5432871 4838761 594110 594110
12010 5432871 4838761 594110 594110
12020 5432871 4838761 594110 594110
12030 5432871 4838761 594110 594110
12040 5432871 4838761 594110 594110
12050 5432871 4838761 594110 594110
12060 5432871 4838761 594110 594110
12070 5432871 4838761 594110 594110
12080 5432871 4838761 594110 594110
12090 5432871 4838761 594110 594110
12100 5432871 4838761 594110 594110
12110 5432871 4838761 594110 594110
12120 5432871 4838761 594110 594110
12130 5432871 4838761 594110 594110
12140 5432871 4838761 594110 594110
12150 5432871 4838761 594110 594110
12160 5432871 4838761 594110 594110
12170 5432871 4838761 594110 594110
12180 5432871 4838761 594110 594110
12190 5432871 4838761 594110 594110
12200 5432871 4838761 594110 594110
12210 5432871 4838761 594110 594110
12220 5432871 4838761 594110 594110
12230 5432871 4838761 594110 594110
12240 5432871 4838761 594110 594110
12250 5432871 4838761 594110 594110
12260 5432871 4838761 594110 594110
12270 5432871 4838761 594110 594110
12280 5432871 4838761 594110 594110
12290 5432871 4838761 594110 594110
12300 5432871 4838761 594110 594110
12310 5432871 4838761 594110 594110
12320 5432871 4838761 594110 594110
12330 5432871 4838761 594110 594110
12340 5432871 4838761 594110 594110
12350 5432871 4838761 594110 594110
12360 5432871 4838761 594110 594110
12370 5432871 4838761 594110 594110
12380 5432871 4838761 594110 594110
12390 5432871 4838761 594110 594110
12400 5432871 4838761 594110 594110
12410 5432871 4838761 594110 594110
12420 5432871 4838761 594110 594110
12430 5432871 4838761 594110 594110
12440 5432871 4838761 594110 594110
12450 5432871 4838761 594110 594110
12460 5432871 4838761 594110 594110
12470 5432871 4838761 594110 594110
12480 5432871 4838761 594110 594110
12490 5432871 4838761 594110 594110
12500 5432871 4838761 594110 594110
12510 5432871 4838761 594110 594110
12520 5432871 4838761 594110 594110
12530 5432871 4838761 594110 594110
12540 5432871 4838761 594110 594110
12550 5432871 4838761 594110 594110
12560 5432871 4838761 594110 594110
12570 5432871 4838761 594110 594110
12580 5432871 4838761 594110 594110
12590 5432871 4838761 594110 594110
12600 5432871 4838761 594110 594110
12610 5432871 4838761 594110 594110
12620 5432871 4838761 594110 594110
12630 5432871 4838761 594110 594110
12640 5432871 4838761 594110 594110
12650 5432871 4838761 594110 594110
12660 5432871 4838761 594110 594110
12670 5432871 4838761 594110 594110
12680 5432871 4838761 594110 594110
12690 5432871 4838761 594110 594110
12700 5432871 4838761 594110 594110
12710 5432871 4838761 594110 594110
12720 5432871 4838761 594110 594110
12730 5432871 4838761 594110 594110
12740 5432871 4838761 594110 594110
12750 5432871 4838761 594110 594110
12760 5432871 4838761 594110 594110
12770 5432871 4838761 594110 594110
12780 5432871 4838761 594110 594110
12790 5432871 4838761 594110 594110
12800 5432871 4838761 594110 594110
12810 5432871 4838761 594110 594110
12820 5432871 4838761 594110 594110
12830 5432871 4838761 594110 594110
12840 5432871 4838761 594110 594110
12850 5432871 4838761 594110 594110
12860 5432871 4838761 594110 594110
12870 5432871 4838761 594110 594110
12880 5432871 4838761 594110 594110
12890 5432871 4838761 594110 594110
12900 5432871 4838761 594110 594110
12910 5432871 4838761 594110 594110
12920 5432871 4838761 594110 594110
12930 5432871 4838761 594110 594110
12940 5432871 4838761 594110 594110
12950 5432871 4838761 594110 594110
12960 5432871 4838761 594110 594110
12970 5432871 4838761 594110 594110
12980 5432871 4838761 594110 594110
12990 5432871 4838761 594110 594110
13000 5432871 4838761 594110 594110
13010 5432871 4838761 594110 594110
13020 5432871 4838761 594110 594110
13030 5432871 4838761 594110 594110
13040 5432871 4838761 594110 594110
13050 5432871 4838761 594110 594110
13060 5432871 4838761 594110 594110
13070 5432871 4838761 594110 594110
13080 5432871 4838761 594110 594110
13090 5432871 4838761 594110 594110
13100 5432871 4838761 594110 594110
13110 5432871 4838761 594110 594110
13120 5432871 4838761 594110 594110
13130 5432871 4838761 594110 594110
13140 5432871 4838761 594110 594110
13150 5432871 4838761 594110 594110
13160 5432871 4838761 594110 594110
13170 5432871 4838761 594110 594110
13180 5432871 4838761 594110 594110
13190 5432871 4838761 594110 594110
13200 5432871 4838761 594110 594110
13210 5432871 4838761 594110 594110
13220 5432871 4838761 594110 594110
13230 5432871 4838761 594110 594110
13240 5432871 4838761 594110 594110
13250 5432871 4838761 594110 594110
13260 5432871 4838761 594110 594110
13270 5432871 4838761 594110 594110
13280 5432871 4838761 594110 594110
13290 5432871 4838761 594110 594110
13300 5432871 4838761 594110 594110
13310 5432871 4838761 594110 594110
13320 5432871 4838761 594110 594110
13330 5432871 4838761 594110 594110
13340 5432871 4838761 594110 594110
13350 5432871 4838761 594110 594110
13360 5432871 4838761 594110 594110
13370 5432871 4838761 594110 594110
13380 5432871 4838761 594110 594110
13390 5432871 4838761 594110 594110
13400 5432871 4838761 594110 594110
13410 5432871 4838761 594110 594110
13420 5432871 4838761 594110 594110
13430 5432871 4838761 594110 594110
13440 5432871 4838761 594110 594110
13450 5432871 4838761 594110 594110
13460 5432871 4838761 594110 594110
13470 5432871 4838761 594110 594110
13480 5432871 4838761 594110 594110
13490 5432871 4838761 594110 594110
13500 5432871 4838761 594110 594110
13510 5432871 4838761 594110 594110
13520 5432871 4838761 594110 594110
13530 5432871 4838761 594110 594110
13540 5432871 4838761 594110 594110
13550 5432871 4838761 594110 594110
13560 5432871 4838761 594110 594110
13570 5432871 4838761 594110 594110
13580 5432871 4838761 594110 594110
13590 5432871 4838761 594110 594110
13600 5432871 4838761 594110 594110
13610 5432871 4838761 594110 594110
13620 5432871 4838761 594110 594110
13630 5432871 4838761 594110 594110
13640 5432871 4838761 594110 594110
13650 5432871 4838761 594110 594110
13660 5432871 4838761 594110 594110
13670 5432871 4838761 594110 594110
13680 5432871 4838761 594110 594110
13690 5432871 4838761 594110 594110
13700 5432871 4838761 594110 594110
13710 5432871 4838761 594110 594110
13720 5432871 4838761 594110 594110
13730 5432871 4838761 594110 594110
13740 5432871 4838761 594110 594110
13750 5432871 4838761 594110 594110
13760 5432871 4838761 594110 594110
13770 5432871 4838761 594110 594110
13780 5432871 4838761 594110 594110
13790 5432871 4838761 594110 594110
13800 5432871 4838761 594110 594110
13810 5432871 4838761 594110 594110
13820 5432871 4838761 594110 594110
13830 5432871 4838761 594110 594110
13840 5432871 4838761 594110 594110
13850 5432871 4838761 594110 594110
13860 5432871 4838761 594110 594110
13870 5432871 4838761 594110 594110
13880 5432871 4838761 594110 594110
13890 5432871 4838761 594110 594110
13900 5432871 4838761 594110 594110
13910 5432871 4838761 594110 594110
13920 5432871 4838761 594110 594110
13930 5432871 4838761 594110 594110
13940 5432871 4838761 594110 594110
13950 5432871 4838761 594110 594110
13960 5432871 4838761 594110 594110
13970 5432871 4838761 594110 594110
13980 5432871 4838761 594110 594110
13990 5432871 4838761 594110 594110
14000 5432871 4838761 594110 594110
14010 5432871 4838761 594110 594110
14020 5432871 4838761 594110 594110
14030 5432871 4838761 594110 594110
14040 5432871 4838761 594110 594110
14050 5432871 4838761 594110 594110
14060 5432871 4838761 594110 594110
14070 5432871 4838761 594110 594110
14080 5432871 4838761 594110 594110
14090 5432871 4838761 594110 594110
14100 5432871 4838761 594110 594110
14110 5432871 4838761 594110 594110
14120 5432871 4838761 594110 594110
14130 5432871 4838761 594110 594110
14140 5432871 4838761 594110 594110
14150 5432871 4838761 594110 594110
14160 5432871 4838761 594110 594110

