Optimal path [nodeId(time to the node):
17(0) -> 90(142) -> 56(136) -> 28(142) -> 41(132) -> 98(132) -> 43(133) -> 51(140) -> 77(140) -> 87(141) -> 89(139) -> 42(114) -> 68(133) -> 27(122) -> 8(137) -> 38(147) -> 24(141) -> 30(121) -> 21(124) -> 67(175) -> 93(137) -> 49(132) -> 1(112) -> 58(132) -> 20(148) -> 91(135) -> 46(154) -> 78(125) -> 22(170) -> 94(129) -> 12(139) -> 85(117) -> 95(140) -> 48(142) -> 0(148) -> 73(146) -> 81(138) -> 18(140) -> 71(160) -> 53(108) -> 34(149) -> 10(142) -> 19(135) -> 15(174) -> 52(120) -> 9(153) -> 54(136) -> 47(141) -> 92(121) -> 29(131) -> 50(153) -> 31(126) -> 13(134) -> 3(156) -> 26(154) -> 96(138) -> 40(154) -> 76(148) -> 66(136) -> 44(144) -> 69(136) -> 63(141) -> 65(131) -> 99(146) -> 75(145) -> 60(138) -> 5(170) -> 70(142) -> 45(156) -> 83(133) -> 16(133) -> 6(158) -> 59(159) -> 97(120) -> 82(137) -> 36(144) -> 14(127) -> 88(140) -> 37(134) -> 2(145) -> 39(146) -> 64(142) -> 33(148) -> 79(144) -> 32(145) -> 74(138) -> 61(125) -> 55(130) -> 86(141) -> 84(153) -> 62(133) -> 23(145) -> 35(134) -> 25(166) -> 72(141) -> 80(132) -> 7(146) -> 57(147) -> 4(150) -> 11(136)
Total time of delivery: 13865
The cost function value: 4874142

Statistics at the end of simulation: 
Residents: 5432871
Illness cases: 4874143 --> [89.71578747222233%]
Healthy residents: 558728 --> [10.28421252777767%]
Vaccinated residents558728 --> [10.28421252777767%]

Statistics of each node: 
id residentsNumber illnessCases healthyResidents vaccinated
17 27216 1 27215 27215
90 80008 5 80003 80003
56 80108 24 80084 80084
28 91749 128 91621 91621
41 91808 588 91220 91220
98 93006 2702 90304 90304
43 79446 12561 66885 66885
51 94699 63303 31396 31396
77 28452 28452 0 0
87 20655 20655 0 0
89 68284 68284 0 0
42 68898 68898 0 0
68 42462 42462 0 0
27 80174 80174 0 0
8 45160 45160 0 0
38 33030 33030 0 0
24 37355 37355 0 0
30 67192 67192 0 0
21 82806 82806 0 0
67 37842 37842 0 0
93 39916 39916 0 0
49 19584 19584 0 0
1 49456 49456 0 0
58 16081 16081 0 0
20 48774 48774 0 0
91 32862 32862 0 0
46 73816 73816 0 0
78 57716 57716 0 0
22 73621 73621 0 0
94 76894 76894 0 0
12 79926 79926 0 0
85 44972 44972 0 0
95 71066 71066 0 0
48 13555 13555 0 0
0 59902 59902 0 0
73 49077 49077 0 0
81 89526 89526 0 0
18 16978 16978 0 0
71 23666 23666 0 0
53 61988 61988 0 0
34 28894 28894 0 0
10 95932 95932 0 0
19 87851 87851 0 0
15 78003 78003 0 0
52 63153 63153 0 0
9 60305 60305 0 0
54 69376 69376 0 0
47 98952 98952 0 0
92 24523 24523 0 0
29 15814 15814 0 0
50 30829 30829 0 0
31 69146 69146 0 0
13 61304 61304 0 0
3 57882 57882 0 0
26 26605 26605 0 0
96 73344 73344 0 0
40 31222 31222 0 0
76 31382 31382 0 0
66 26230 26230 0 0
44 15573 15573 0 0
69 66112 66112 0 0
63 51706 51706 0 0
65 70610 70610 0 0
99 28053 28053 0 0
75 26017 26017 0 0
60 91794 91794 0 0
5 15364 15364 0 0
70 36163 36163 0 0
45 46217 46217 0 0
83 46841 46841 0 0
16 82700 82700 0 0
6 12672 12672 0 0
59 83546 83546 0 0
97 86845 86845 0 0
82 15231 15231 0 0
36 85682 85682 0 0
14 81887 81887 0 0
88 37474 37474 0 0
37 51694 51694 0 0
2 43074 43074 0 0
39 32804 32804 0 0
64 22353 22353 0 0
33 13135 13135 0 0
79 84379 84379 0 0
32 59165 59165 0 0
74 81649 81649 0 0
61 25643 25643 0 0
55 88344 88344 0 0
86 26732 26732 0 0
84 70627 70627 0 0
62 19500 19500 0 0
23 20873 20873 0 0
35 96767 96767 0 0
25 67586 67586 0 0
72 90063 90063 0 0
80 67722 67722 0 0
7 29243 29243 0 0
57 39724 39724 0 0
4 56018 56018 0 0
11 84816 84816 0 0

Statistics step by step: 
minute residentsNumber illnessCases healthyResidents vaccinated
0 5432871 100 5432771 27215
10 5432871 100 5432771 27215
20 5432871 100 5432771 27215
30 5432871 100 5432771 27215
40 5432871 100 5432771 27215
50 5432871 100 5432771 27215
60 5432871 199 5432672 27215
70 5432871 199 5432672 27215
80 5432871 199 5432672 27215
90 5432871 199 5432672 27215
100 5432871 298 5432573 27215
110 5432871 298 5432573 27215
120 5432871 397 5432474 27215
130 5432871 397 5432474 27215
140 5432871 496 5432375 27215
150 5432871 496 5432375 107218
160 5432871 594 5432277 107218
170 5432871 692 5432179 107218
180 5432871 790 5432081 107218
190 5432871 790 5432081 107218
200 5432871 986 5431885 107218
210 5432871 1084 5431787 107218
220 5432871 1182 5431689 107218
230 5432871 1378 5431493 107218
240 5432871 1574 5431297 107218
250 5432871 1672 5431199 107218
260 5432871 1966 5430905 107218
270 5432871 2162 5430709 107218
280 5432871 2455 5430416 187302
290 5432871 2746 5430125 187302
300 5432871 3134 5429737 187302
310 5432871 3425 5429446 187302
320 5432871 3910 5428961 187302
330 5432871 4395 5428476 187302
340 5432871 4880 5427991 187302
350 5432871 5559 5427312 187302
360 5432871 6238 5426633 187302
370 5432871 6917 5425954 187302
380 5432871 7790 5425081 187302
390 5432871 8760 5424111 187302
400 5432871 9827 5423044 187302
410 5432871 11088 5421783 187302
420 5432871 12446 5420425 278923
430 5432871 13886 5418985 278923
440 5432871 15614 5417257 278923
450 5432871 17534 5415337 278923
460 5432871 19646 5413225 278923
470 5432871 22046 5410825 278923
480 5432871 24734 5408137 278923
490 5432871 27710 5405161 278923
500 5432871 31070 5401801 278923
510 5432871 34910 5397961 278923
520 5432871 39134 5393737 278923
530 5432871 43934 5388937 278923
540 5432871 49310 5383561 278923
550 5432871 55262 5377609 278923
560 5432871 62021 5370850 370143
570 5432871 69526 5363345 370143
580 5432871 77886 5354985 370143
590 5432871 87386 5345485 370143
600 5432871 98026 5334845 370143
610 5432871 109901 5322970 370143
620 5432871 123296 5309575 370143
630 5432871 138306 5294565 370143
640 5432871 155121 5277750 370143
650 5432871 174026 5258845 370143
660 5432871 195306 5237565 370143
670 5432871 219056 5213815 370143
680 5432871 245846 5187025 370143
690 5432871 275672 5157199 460447
700 5432871 308948 5123923 460447
710 5432871 346454 5086417 460447
720 5432871 388472 5044399 460447
730 5432871 435566 4997305 460447
740 5432871 488488 4944383 460447
750 5432871 547896 4884975 460447
760 5432871 614542 4818329 460447
770 5432871 689460 4743411 460447
780 5432871 773496 4659375 460447
790 5432871 867778 4565093 460447
800 5432871 973622 4459249 460447
810 5432871 1092438 4340433 460447
820 5432871 1224957 4207914 527332
830 5432871 1369011 4063860 527332
840 5432871 1526074 3906797 527332
850 5432871 1695172 3737699 527332
860 5432871 1882140 3550731 527332
870 5432871 2083807 3349064 527332
880 5432871 2303741 3129130 527332
890 5432871 2532440 2900431 527332
900 5432871 2770788 2662083 527332
910 5432871 3019307 2413564 527332
920 5432871 3279998 2152873 527332
930 5432871 3553263 1879608 527332
940 5432871 3828146 1604725 527332
950 5432871 4111257 1321614 527332
960 5432871 4381967 1050904 558728
970 5432871 4610073 822798 558728
980 5432871 4782690 650181 558728
990 5432871 4860535 572336 558728
1000 5432871 4874143 558728 558728
1010 5432871 4874143 558728 558728
1020 5432871 4874143 558728 558728
1030 5432871 4874143 558728 558728
1040 5432871 4874143 558728 558728
1050 5432871 4874143 558728 558728
1060 5432871 4874143 558728 558728
1070 5432871 4874143 558728 558728
1080 5432871 4874143 558728 558728
1090 5432871 4874143 558728 558728
1100 5432871 4874143 558728 558728
1110 5432871 4874143 558728 558728
1120 5432871 4874143 558728 558728
1130 5432871 4874143 558728 558728
1140 5432871 4874143 558728 558728
1150 5432871 4874143 558728 558728
1160 5432871 4874143 558728 558728
1170 5432871 4874143 558728 558728
1180 5432871 4874143 558728 558728
1190 5432871 4874143 558728 558728
1200 5432871 4874143 558728 558728
1210 5432871 4874143 558728 558728
1220 5432871 4874143 558728 558728
1230 5432871 4874143 558728 558728
1240 5432871 4874143 558728 558728
1250 5432871 4874143 558728 558728
1260 5432871 4874143 558728 558728
1270 5432871 4874143 558728 558728
1280 5432871 4874143 558728 558728
1290 5432871 4874143 558728 558728
1300 5432871 4874143 558728 558728
1310 5432871 4874143 558728 558728
1320 5432871 4874143 558728 558728
1330 5432871 4874143 558728 558728
1340 5432871 4874143 558728 558728
1350 5432871 4874143 558728 558728
1360 5432871 4874143 558728 558728
1370 5432871 4874143 558728 558728
1380 5432871 4874143 558728 558728
1390 5432871 4874143 558728 558728
1400 5432871 4874143 558728 558728
1410 5432871 4874143 558728 558728
1420 5432871 4874143 558728 558728
1430 5432871 4874143 558728 558728
1440 5432871 4874143 558728 558728
1450 5432871 4874143 558728 558728
1460 5432871 4874143 558728 558728
1470 5432871 4874143 558728 558728
1480 5432871 4874143 558728 558728
1490 5432871 4874143 558728 558728
1500 5432871 4874143 558728 558728
1510 5432871 4874143 558728 558728
1520 5432871 4874143 558728 558728
1530 5432871 4874143 558728 558728
1540 5432871 4874143 558728 558728
1550 5432871 4874143 558728 558728
1560 5432871 4874143 558728 558728
1570 5432871 4874143 558728 558728
1580 5432871 4874143 558728 558728
1590 5432871 4874143 558728 558728
1600 5432871 4874143 558728 558728
1610 5432871 4874143 558728 558728
1620 5432871 4874143 558728 558728
1630 5432871 4874143 558728 558728
1640 5432871 4874143 558728 558728
1650 5432871 4874143 558728 558728
1660 5432871 4874143 558728 558728
1670 5432871 4874143 558728 558728
1680 5432871 4874143 558728 558728
1690 5432871 4874143 558728 558728
1700 5432871 4874143 558728 558728
1710 5432871 4874143 558728 558728
1720 5432871 4874143 558728 558728
1730 5432871 4874143 558728 558728
1740 5432871 4874143 558728 558728
1750 5432871 4874143 558728 558728
1760 5432871 4874143 558728 558728
1770 5432871 4874143 558728 558728
1780 5432871 4874143 558728 558728
1790 5432871 4874143 558728 558728
1800 5432871 4874143 558728 558728
1810 5432871 4874143 558728 558728
1820 5432871 4874143 558728 558728
1830 5432871 4874143 558728 558728
1840 5432871 4874143 558728 558728
1850 5432871 4874143 558728 558728
1860 5432871 4874143 558728 558728
1870 5432871 4874143 558728 558728
1880 5432871 4874143 558728 558728
1890 5432871 4874143 558728 558728
1900 5432871 4874143 558728 558728
1910 5432871 4874143 558728 558728
1920 5432871 4874143 558728 558728
1930 5432871 4874143 558728 558728
1940 5432871 4874143 558728 558728
1950 5432871 4874143 558728 558728
1960 5432871 4874143 558728 558728
1970 5432871 4874143 558728 558728
1980 5432871 4874143 558728 558728
1990 5432871 4874143 558728 558728
2000 5432871 4874143 558728 558728
2010 5432871 4874143 558728 558728
2020 5432871 4874143 558728 558728
2030 5432871 4874143 558728 558728
2040 5432871 4874143 558728 558728
2050 5432871 4874143 558728 558728
2060 5432871 4874143 558728 558728
2070 5432871 4874143 558728 558728
2080 5432871 4874143 558728 558728
2090 5432871 4874143 558728 558728
2100 5432871 4874143 558728 558728
2110 5432871 4874143 558728 558728
2120 5432871 4874143 558728 558728
2130 5432871 4874143 558728 558728
2140 5432871 4874143 558728 558728
2150 5432871 4874143 558728 558728
2160 5432871 4874143 558728 558728
2170 5432871 4874143 558728 558728
2180 5432871 4874143 558728 558728
2190 5432871 4874143 558728 558728
2200 5432871 4874143 558728 558728
2210 5432871 4874143 558728 558728
2220 5432871 4874143 558728 558728
2230 5432871 4874143 558728 558728
2240 5432871 4874143 558728 558728
2250 5432871 4874143 558728 558728
2260 5432871 4874143 558728 558728
2270 5432871 4874143 558728 558728
2280 5432871 4874143 558728 558728
2290 5432871 4874143 558728 558728
2300 5432871 4874143 558728 558728
2310 5432871 4874143 558728 558728
2320 5432871 4874143 558728 558728
2330 5432871 4874143 558728 558728
2340 5432871 4874143 558728 558728
2350 5432871 4874143 558728 558728
2360 5432871 4874143 558728 558728
2370 5432871 4874143 558728 558728
2380 5432871 4874143 558728 558728
2390 5432871 4874143 558728 558728
2400 5432871 4874143 558728 558728
2410 5432871 4874143 558728 558728
2420 5432871 4874143 558728 558728
2430 5432871 4874143 558728 558728
2440 5432871 4874143 558728 558728
2450 5432871 4874143 558728 558728
2460 5432871 4874143 558728 558728
2470 5432871 4874143 558728 558728
2480 5432871 4874143 558728 558728
2490 5432871 4874143 558728 558728
2500 5432871 4874143 558728 558728
2510 5432871 4874143 558728 558728
2520 5432871 4874143 558728 558728
2530 5432871 4874143 558728 558728
2540 5432871 4874143 558728 558728
2550 5432871 4874143 558728 558728
2560 5432871 4874143 558728 558728
2570 5432871 4874143 558728 558728
2580 5432871 4874143 558728 558728
2590 5432871 4874143 558728 558728
2600 5432871 4874143 558728 558728
2610 5432871 4874143 558728 558728
2620 5432871 4874143 558728 558728
2630 5432871 4874143 558728 558728
2640 5432871 4874143 558728 558728
2650 5432871 4874143 558728 558728
2660 5432871 4874143 558728 558728
2670 5432871 4874143 558728 558728
2680 5432871 4874143 558728 558728
2690 5432871 4874143 558728 558728
2700 5432871 4874143 558728 558728
2710 5432871 4874143 558728 558728
2720 5432871 4874143 558728 558728
2730 5432871 4874143 558728 558728
2740 5432871 4874143 558728 558728
2750 5432871 4874143 558728 558728
2760 5432871 4874143 558728 558728
2770 5432871 4874143 558728 558728
2780 5432871 4874143 558728 558728
2790 5432871 4874143 558728 558728
2800 5432871 4874143 558728 558728
2810 5432871 4874143 558728 558728
2820 5432871 4874143 558728 558728
2830 5432871 4874143 558728 558728
2840 5432871 4874143 558728 558728
2850 5432871 4874143 558728 558728
2860 5432871 4874143 558728 558728
2870 5432871 4874143 558728 558728
2880 5432871 4874143 558728 558728
2890 5432871 4874143 558728 558728
2900 5432871 4874143 558728 558728
2910 5432871 4874143 558728 558728
2920 5432871 4874143 558728 558728
2930 5432871 4874143 558728 558728
2940 5432871 4874143 558728 558728
2950 5432871 4874143 558728 558728
2960 5432871 4874143 558728 558728
2970 5432871 4874143 558728 558728
2980 5432871 4874143 558728 558728
2990 5432871 4874143 558728 558728
3000 5432871 4874143 558728 558728
3010 5432871 4874143 558728 558728
3020 5432871 4874143 558728 558728
3030 5432871 4874143 558728 558728
3040 5432871 4874143 558728 558728
3050 5432871 4874143 558728 558728
3060 5432871 4874143 558728 558728
3070 5432871 4874143 558728 558728
3080 5432871 4874143 558728 558728
3090 5432871 4874143 558728 558728
3100 5432871 4874143 558728 558728
3110 5432871 4874143 558728 558728
3120 5432871 4874143 558728 558728
3130 5432871 4874143 558728 558728
3140 5432871 4874143 558728 558728
3150 5432871 4874143 558728 558728
3160 5432871 4874143 558728 558728
3170 5432871 4874143 558728 558728
3180 5432871 4874143 558728 558728
3190 5432871 4874143 558728 558728
3200 5432871 4874143 558728 558728
3210 5432871 4874143 558728 558728
3220 5432871 4874143 558728 558728
3230 5432871 4874143 558728 558728
3240 5432871 4874143 558728 558728
3250 5432871 4874143 558728 558728
3260 5432871 4874143 558728 558728
3270 5432871 4874143 558728 558728
3280 5432871 4874143 558728 558728
3290 5432871 4874143 558728 558728
3300 5432871 4874143 558728 558728
3310 5432871 4874143 558728 558728
3320 5432871 4874143 558728 558728
3330 5432871 4874143 558728 558728
3340 5432871 4874143 558728 558728
3350 5432871 4874143 558728 558728
3360 5432871 4874143 558728 558728
3370 5432871 4874143 558728 558728
3380 5432871 4874143 558728 558728
3390 5432871 4874143 558728 558728
3400 5432871 4874143 558728 558728
3410 5432871 4874143 558728 558728
3420 5432871 4874143 558728 558728
3430 5432871 4874143 558728 558728
3440 5432871 4874143 558728 558728
3450 5432871 4874143 558728 558728
3460 5432871 4874143 558728 558728
3470 5432871 4874143 558728 558728
3480 5432871 4874143 558728 558728
3490 5432871 4874143 558728 558728
3500 5432871 4874143 558728 558728
3510 5432871 4874143 558728 558728
3520 5432871 4874143 558728 558728
3530 5432871 4874143 558728 558728
3540 5432871 4874143 558728 558728
3550 5432871 4874143 558728 558728
3560 5432871 4874143 558728 558728
3570 5432871 4874143 558728 558728
3580 5432871 4874143 558728 558728
3590 5432871 4874143 558728 558728
3600 5432871 4874143 558728 558728
3610 5432871 4874143 558728 558728
3620 5432871 4874143 558728 558728
3630 5432871 4874143 558728 558728
3640 5432871 4874143 558728 558728
3650 5432871 4874143 558728 558728
3660 5432871 4874143 558728 558728
3670 5432871 4874143 558728 558728
3680 5432871 4874143 558728 558728
3690 5432871 4874143 558728 558728
3700 5432871 4874143 558728 558728
3710 5432871 4874143 558728 558728
3720 5432871 4874143 558728 558728
3730 5432871 4874143 558728 558728
3740 5432871 4874143 558728 558728
3750 5432871 4874143 558728 558728
3760 5432871 4874143 558728 558728
3770 5432871 4874143 558728 558728
3780 5432871 4874143 558728 558728
3790 5432871 4874143 558728 558728
3800 5432871 4874143 558728 558728
3810 5432871 4874143 558728 558728
3820 5432871 4874143 558728 558728
3830 5432871 4874143 558728 558728
3840 5432871 4874143 558728 558728
3850 5432871 4874143 558728 558728
3860 5432871 4874143 558728 558728
3870 5432871 4874143 558728 558728
3880 5432871 4874143 558728 558728
3890 5432871 4874143 558728 558728
3900 5432871 4874143 558728 558728
3910 5432871 4874143 558728 558728
3920 5432871 4874143 558728 558728
3930 5432871 4874143 558728 558728
3940 5432871 4874143 558728 558728
3950 5432871 4874143 558728 558728
3960 5432871 4874143 558728 558728
3970 5432871 4874143 558728 558728
3980 5432871 4874143 558728 558728
3990 5432871 4874143 558728 558728
4000 5432871 4874143 558728 558728
4010 5432871 4874143 558728 558728
4020 5432871 4874143 558728 558728
4030 5432871 4874143 558728 558728
4040 5432871 4874143 558728 558728
4050 5432871 4874143 558728 558728
4060 5432871 4874143 558728 558728
4070 5432871 4874143 558728 558728
4080 5432871 4874143 558728 558728
4090 5432871 4874143 558728 558728
4100 5432871 4874143 558728 558728
4110 5432871 4874143 558728 558728
4120 5432871 4874143 558728 558728
4130 5432871 4874143 558728 558728
4140 5432871 4874143 558728 558728
4150 5432871 4874143 558728 558728
4160 5432871 4874143 558728 558728
4170 5432871 4874143 558728 558728
4180 5432871 4874143 558728 558728
4190 5432871 4874143 558728 558728
4200 5432871 4874143 558728 558728
4210 5432871 4874143 558728 558728
4220 5432871 4874143 558728 558728
4230 5432871 4874143 558728 558728
4240 5432871 4874143 558728 558728
4250 5432871 4874143 558728 558728
4260 5432871 4874143 558728 558728
4270 5432871 4874143 558728 558728
4280 5432871 4874143 558728 558728
4290 5432871 4874143 558728 558728
4300 5432871 4874143 558728 558728
4310 5432871 4874143 558728 558728
4320 5432871 4874143 558728 558728
4330 5432871 4874143 558728 558728
4340 5432871 4874143 558728 558728
4350 5432871 4874143 558728 558728
4360 5432871 4874143 558728 558728
4370 5432871 4874143 558728 558728
4380 5432871 4874143 558728 558728
4390 5432871 4874143 558728 558728
4400 5432871 4874143 558728 558728
4410 5432871 4874143 558728 558728
4420 5432871 4874143 558728 558728
4430 5432871 4874143 558728 558728
4440 5432871 4874143 558728 558728
4450 5432871 4874143 558728 558728
4460 5432871 4874143 558728 558728
4470 5432871 4874143 558728 558728
4480 5432871 4874143 558728 558728
4490 5432871 4874143 558728 558728
4500 5432871 4874143 558728 558728
4510 5432871 4874143 558728 558728
4520 5432871 4874143 558728 558728
4530 5432871 4874143 558728 558728
4540 5432871 4874143 558728 558728
4550 5432871 4874143 558728 558728
4560 5432871 4874143 558728 558728
4570 5432871 4874143 558728 558728
4580 5432871 4874143 558728 558728
4590 5432871 4874143 558728 558728
4600 5432871 4874143 558728 558728
4610 5432871 4874143 558728 558728
4620 5432871 4874143 558728 558728
4630 5432871 4874143 558728 558728
4640 5432871 4874143 558728 558728
4650 5432871 4874143 558728 558728
4660 5432871 4874143 558728 558728
4670 5432871 4874143 558728 558728
4680 5432871 4874143 558728 558728
4690 5432871 4874143 558728 558728
4700 5432871 4874143 558728 558728
4710 5432871 4874143 558728 558728
4720 5432871 4874143 558728 558728
4730 5432871 4874143 558728 558728
4740 5432871 4874143 558728 558728
4750 5432871 4874143 558728 558728
4760 5432871 4874143 558728 558728
4770 5432871 4874143 558728 558728
4780 5432871 4874143 558728 558728
4790 5432871 4874143 558728 558728
4800 5432871 4874143 558728 558728
4810 5432871 4874143 558728 558728
4820 5432871 4874143 558728 558728
4830 5432871 4874143 558728 558728
4840 5432871 4874143 558728 558728
4850 5432871 4874143 558728 558728
4860 5432871 4874143 558728 558728
4870 5432871 4874143 558728 558728
4880 5432871 4874143 558728 558728
4890 5432871 4874143 558728 558728
4900 5432871 4874143 558728 558728
4910 5432871 4874143 558728 558728
4920 5432871 4874143 558728 558728
4930 5432871 4874143 558728 558728
4940 5432871 4874143 558728 558728
4950 5432871 4874143 558728 558728
4960 5432871 4874143 558728 558728
4970 5432871 4874143 558728 558728
4980 5432871 4874143 558728 558728
4990 5432871 4874143 558728 558728
5000 5432871 4874143 558728 558728
5010 5432871 4874143 558728 558728
5020 5432871 4874143 558728 558728
5030 5432871 4874143 558728 558728
5040 5432871 4874143 558728 558728
5050 5432871 4874143 558728 558728
5060 5432871 4874143 558728 558728
5070 5432871 4874143 558728 558728
5080 5432871 4874143 558728 558728
5090 5432871 4874143 558728 558728
5100 5432871 4874143 558728 558728
5110 5432871 4874143 558728 558728
5120 5432871 4874143 558728 558728
5130 5432871 4874143 558728 558728
5140 5432871 4874143 558728 558728
5150 5432871 4874143 558728 558728
5160 5432871 4874143 558728 558728
5170 5432871 4874143 558728 558728
5180 5432871 4874143 558728 558728
5190 5432871 4874143 558728 558728
5200 5432871 4874143 558728 558728
5210 5432871 4874143 558728 558728
5220 5432871 4874143 558728 558728
5230 5432871 4874143 558728 558728
5240 5432871 4874143 558728 558728
5250 5432871 4874143 558728 558728
5260 5432871 4874143 558728 558728
5270 5432871 4874143 558728 558728
5280 5432871 4874143 558728 558728
5290 5432871 4874143 558728 558728
5300 5432871 4874143 558728 558728
5310 5432871 4874143 558728 558728
5320 5432871 4874143 558728 558728
5330 5432871 4874143 558728 558728
5340 5432871 4874143 558728 558728
5350 5432871 4874143 558728 558728
5360 5432871 4874143 558728 558728
5370 5432871 4874143 558728 558728
5380 5432871 4874143 558728 558728
5390 5432871 4874143 558728 558728
5400 5432871 4874143 558728 558728
5410 5432871 4874143 558728 558728
5420 5432871 4874143 558728 558728
5430 5432871 4874143 558728 558728
5440 5432871 4874143 558728 558728
5450 5432871 4874143 558728 558728
5460 5432871 4874143 558728 558728
5470 5432871 4874143 558728 558728
5480 5432871 4874143 558728 558728
5490 5432871 4874143 558728 558728
5500 5432871 4874143 558728 558728
5510 5432871 4874143 558728 558728
5520 5432871 4874143 558728 558728
5530 5432871 4874143 558728 558728
5540 5432871 4874143 558728 558728
5550 5432871 4874143 558728 558728
5560 5432871 4874143 558728 558728
5570 5432871 4874143 558728 558728
5580 5432871 4874143 558728 558728
5590 5432871 4874143 558728 558728
5600 5432871 4874143 558728 558728
5610 5432871 4874143 558728 558728
5620 5432871 4874143 558728 558728
5630 5432871 4874143 558728 558728
5640 5432871 4874143 558728 558728
5650 5432871 4874143 558728 558728
5660 5432871 4874143 558728 558728
5670 5432871 4874143 558728 558728
5680 5432871 4874143 558728 558728
5690 5432871 4874143 558728 558728
5700 5432871 4874143 558728 558728
5710 5432871 4874143 558728 558728
5720 5432871 4874143 558728 558728
5730 5432871 4874143 558728 558728
5740 5432871 4874143 558728 558728
5750 5432871 4874143 558728 558728
5760 5432871 4874143 558728 558728
5770 5432871 4874143 558728 558728
5780 5432871 4874143 558728 558728
5790 5432871 4874143 558728 558728
5800 5432871 4874143 558728 558728
5810 5432871 4874143 558728 558728
5820 5432871 4874143 558728 558728
5830 5432871 4874143 558728 558728
5840 5432871 4874143 558728 558728
5850 5432871 4874143 558728 558728
5860 5432871 4874143 558728 558728
5870 5432871 4874143 558728 558728
5880 5432871 4874143 558728 558728
5890 5432871 4874143 558728 558728
5900 5432871 4874143 558728 558728
5910 5432871 4874143 558728 558728
5920 5432871 4874143 558728 558728
5930 5432871 4874143 558728 558728
5940 5432871 4874143 558728 558728
5950 5432871 4874143 558728 558728
5960 5432871 4874143 558728 558728
5970 5432871 4874143 558728 558728
5980 5432871 4874143 558728 558728
5990 5432871 4874143 558728 558728
6000 5432871 4874143 558728 558728
6010 5432871 4874143 558728 558728
6020 5432871 4874143 558728 558728
6030 5432871 4874143 558728 558728
6040 5432871 4874143 558728 558728
6050 5432871 4874143 558728 558728
6060 5432871 4874143 558728 558728
6070 5432871 4874143 558728 558728
6080 5432871 4874143 558728 558728
6090 5432871 4874143 558728 558728
6100 5432871 4874143 558728 558728
6110 5432871 4874143 558728 558728
6120 5432871 4874143 558728 558728
6130 5432871 4874143 558728 558728
6140 5432871 4874143 558728 558728
6150 5432871 4874143 558728 558728
6160 5432871 4874143 558728 558728
6170 5432871 4874143 558728 558728
6180 5432871 4874143 558728 558728
6190 5432871 4874143 558728 558728
6200 5432871 4874143 558728 558728
6210 5432871 4874143 558728 558728
6220 5432871 4874143 558728 558728
6230 5432871 4874143 558728 558728
6240 5432871 4874143 558728 558728
6250 5432871 4874143 558728 558728
6260 5432871 4874143 558728 558728
6270 5432871 4874143 558728 558728
6280 5432871 4874143 558728 558728
6290 5432871 4874143 558728 558728
6300 5432871 4874143 558728 558728
6310 5432871 4874143 558728 558728
6320 5432871 4874143 558728 558728
6330 5432871 4874143 558728 558728
6340 5432871 4874143 558728 558728
6350 5432871 4874143 558728 558728
6360 5432871 4874143 558728 558728
6370 5432871 4874143 558728 558728
6380 5432871 4874143 558728 558728
6390 5432871 4874143 558728 558728
6400 5432871 4874143 558728 558728
6410 5432871 4874143 558728 558728
6420 5432871 4874143 558728 558728
6430 5432871 4874143 558728 558728
6440 5432871 4874143 558728 558728
6450 5432871 4874143 558728 558728
6460 5432871 4874143 558728 558728
6470 5432871 4874143 558728 558728
6480 5432871 4874143 558728 558728
6490 5432871 4874143 558728 558728
6500 5432871 4874143 558728 558728
6510 5432871 4874143 558728 558728
6520 5432871 4874143 558728 558728
6530 5432871 4874143 558728 558728
6540 5432871 4874143 558728 558728
6550 5432871 4874143 558728 558728
6560 5432871 4874143 558728 558728
6570 5432871 4874143 558728 558728
6580 5432871 4874143 558728 558728
6590 5432871 4874143 558728 558728
6600 5432871 4874143 558728 558728
6610 5432871 4874143 558728 558728
6620 5432871 4874143 558728 558728
6630 5432871 4874143 558728 558728
6640 5432871 4874143 558728 558728
6650 5432871 4874143 558728 558728
6660 5432871 4874143 558728 558728
6670 5432871 4874143 558728 558728
6680 5432871 4874143 558728 558728
6690 5432871 4874143 558728 558728
6700 5432871 4874143 558728 558728
6710 5432871 4874143 558728 558728
6720 5432871 4874143 558728 558728
6730 5432871 4874143 558728 558728
6740 5432871 4874143 558728 558728
6750 5432871 4874143 558728 558728
6760 5432871 4874143 558728 558728
6770 5432871 4874143 558728 558728
6780 5432871 4874143 558728 558728
6790 5432871 4874143 558728 558728
6800 5432871 4874143 558728 558728
6810 5432871 4874143 558728 558728
6820 5432871 4874143 558728 558728
6830 5432871 4874143 558728 558728
6840 5432871 4874143 558728 558728
6850 5432871 4874143 558728 558728
6860 5432871 4874143 558728 558728
6870 5432871 4874143 558728 558728
6880 5432871 4874143 558728 558728
6890 5432871 4874143 558728 558728
6900 5432871 4874143 558728 558728
6910 5432871 4874143 558728 558728
6920 5432871 4874143 558728 558728
6930 5432871 4874143 558728 558728
6940 5432871 4874143 558728 558728
6950 5432871 4874143 558728 558728
6960 5432871 4874143 558728 558728
6970 5432871 4874143 558728 558728
6980 5432871 4874143 558728 558728
6990 5432871 4874143 558728 558728
7000 5432871 4874143 558728 558728
7010 5432871 4874143 558728 558728
7020 5432871 4874143 558728 558728
7030 5432871 4874143 558728 558728
7040 5432871 4874143 558728 558728
7050 5432871 4874143 558728 558728
7060 5432871 4874143 558728 558728
7070 5432871 4874143 558728 558728
7080 5432871 4874143 558728 558728
7090 5432871 4874143 558728 558728
7100 5432871 4874143 558728 558728
7110 5432871 4874143 558728 558728
7120 5432871 4874143 558728 558728
7130 5432871 4874143 558728 558728
7140 5432871 4874143 558728 558728
7150 5432871 4874143 558728 558728
7160 5432871 4874143 558728 558728
7170 5432871 4874143 558728 558728
7180 5432871 4874143 558728 558728
7190 5432871 4874143 558728 558728
7200 5432871 4874143 558728 558728
7210 5432871 4874143 558728 558728
7220 5432871 4874143 558728 558728
7230 5432871 4874143 558728 558728
7240 5432871 4874143 558728 558728
7250 5432871 4874143 558728 558728
7260 5432871 4874143 558728 558728
7270 5432871 4874143 558728 558728
7280 5432871 4874143 558728 558728
7290 5432871 4874143 558728 558728
7300 5432871 4874143 558728 558728
7310 5432871 4874143 558728 558728
7320 5432871 4874143 558728 558728
7330 5432871 4874143 558728 558728
7340 5432871 4874143 558728 558728
7350 5432871 4874143 558728 558728
7360 5432871 4874143 558728 558728
7370 5432871 4874143 558728 558728
7380 5432871 4874143 558728 558728
7390 5432871 4874143 558728 558728
7400 5432871 4874143 558728 558728
7410 5432871 4874143 558728 558728
7420 5432871 4874143 558728 558728
7430 5432871 4874143 558728 558728
7440 5432871 4874143 558728 558728
7450 5432871 4874143 558728 558728
7460 5432871 4874143 558728 558728
7470 5432871 4874143 558728 558728
7480 5432871 4874143 558728 558728
7490 5432871 4874143 558728 558728
7500 5432871 4874143 558728 558728
7510 5432871 4874143 558728 558728
7520 5432871 4874143 558728 558728
7530 5432871 4874143 558728 558728
7540 5432871 4874143 558728 558728
7550 5432871 4874143 558728 558728
7560 5432871 4874143 558728 558728
7570 5432871 4874143 558728 558728
7580 5432871 4874143 558728 558728
7590 5432871 4874143 558728 558728
7600 5432871 4874143 558728 558728
7610 5432871 4874143 558728 558728
7620 5432871 4874143 558728 558728
7630 5432871 4874143 558728 558728
7640 5432871 4874143 558728 558728
7650 5432871 4874143 558728 558728
7660 5432871 4874143 558728 558728
7670 5432871 4874143 558728 558728
7680 5432871 4874143 558728 558728
7690 5432871 4874143 558728 558728
7700 5432871 4874143 558728 558728
7710 5432871 4874143 558728 558728
7720 5432871 4874143 558728 558728
7730 5432871 4874143 558728 558728
7740 5432871 4874143 558728 558728
7750 5432871 4874143 558728 558728
7760 5432871 4874143 558728 558728
7770 5432871 4874143 558728 558728
7780 5432871 4874143 558728 558728
7790 5432871 4874143 558728 558728
7800 5432871 4874143 558728 558728
7810 5432871 4874143 558728 558728
7820 5432871 4874143 558728 558728
7830 5432871 4874143 558728 558728
7840 5432871 4874143 558728 558728
7850 5432871 4874143 558728 558728
7860 5432871 4874143 558728 558728
7870 5432871 4874143 558728 558728
7880 5432871 4874143 558728 558728
7890 5432871 4874143 558728 558728
7900 5432871 4874143 558728 558728
7910 5432871 4874143 558728 558728
7920 5432871 4874143 558728 558728
7930 5432871 4874143 558728 558728
7940 5432871 4874143 558728 558728
7950 5432871 4874143 558728 558728
7960 5432871 4874143 558728 558728
7970 5432871 4874143 558728 558728
7980 5432871 4874143 558728 558728
7990 5432871 4874143 558728 558728
8000 5432871 4874143 558728 558728
8010 5432871 4874143 558728 558728
8020 5432871 4874143 558728 558728
8030 5432871 4874143 558728 558728
8040 5432871 4874143 558728 558728
8050 5432871 4874143 558728 558728
8060 5432871 4874143 558728 558728
8070 5432871 4874143 558728 558728
8080 5432871 4874143 558728 558728
8090 5432871 4874143 558728 558728
8100 5432871 4874143 558728 558728
8110 5432871 4874143 558728 558728
8120 5432871 4874143 558728 558728
8130 5432871 4874143 558728 558728
8140 5432871 4874143 558728 558728
8150 5432871 4874143 558728 558728
8160 5432871 4874143 558728 558728
8170 5432871 4874143 558728 558728
8180 5432871 4874143 558728 558728
8190 5432871 4874143 558728 558728
8200 5432871 4874143 558728 558728
8210 5432871 4874143 558728 558728
8220 5432871 4874143 558728 558728
8230 5432871 4874143 558728 558728
8240 5432871 4874143 558728 558728
8250 5432871 4874143 558728 558728
8260 5432871 4874143 558728 558728
8270 5432871 4874143 558728 558728
8280 5432871 4874143 558728 558728
8290 5432871 4874143 558728 558728
8300 5432871 4874143 558728 558728
8310 5432871 4874143 558728 558728
8320 5432871 4874143 558728 558728
8330 5432871 4874143 558728 558728
8340 5432871 4874143 558728 558728
8350 5432871 4874143 558728 558728
8360 5432871 4874143 558728 558728
8370 5432871 4874143 558728 558728
8380 5432871 4874143 558728 558728
8390 5432871 4874143 558728 558728
8400 5432871 4874143 558728 558728
8410 5432871 4874143 558728 558728
8420 5432871 4874143 558728 558728
8430 5432871 4874143 558728 558728
8440 5432871 4874143 558728 558728
8450 5432871 4874143 558728 558728
8460 5432871 4874143 558728 558728
8470 5432871 4874143 558728 558728
8480 5432871 4874143 558728 558728
8490 5432871 4874143 558728 558728
8500 5432871 4874143 558728 558728
8510 5432871 4874143 558728 558728
8520 5432871 4874143 558728 558728
8530 5432871 4874143 558728 558728
8540 5432871 4874143 558728 558728
8550 5432871 4874143 558728 558728
8560 5432871 4874143 558728 558728
8570 5432871 4874143 558728 558728
8580 5432871 4874143 558728 558728
8590 5432871 4874143 558728 558728
8600 5432871 4874143 558728 558728
8610 5432871 4874143 558728 558728
8620 5432871 4874143 558728 558728
8630 5432871 4874143 558728 558728
8640 5432871 4874143 558728 558728
8650 5432871 4874143 558728 558728
8660 5432871 4874143 558728 558728
8670 5432871 4874143 558728 558728
8680 5432871 4874143 558728 558728
8690 5432871 4874143 558728 558728
8700 5432871 4874143 558728 558728
8710 5432871 4874143 558728 558728
8720 5432871 4874143 558728 558728
8730 5432871 4874143 558728 558728
8740 5432871 4874143 558728 558728
8750 5432871 4874143 558728 558728
8760 5432871 4874143 558728 558728
8770 5432871 4874143 558728 558728
8780 5432871 4874143 558728 558728
8790 5432871 4874143 558728 558728
8800 5432871 4874143 558728 558728
8810 5432871 4874143 558728 558728
8820 5432871 4874143 558728 558728
8830 5432871 4874143 558728 558728
8840 5432871 4874143 558728 558728
8850 5432871 4874143 558728 558728
8860 5432871 4874143 558728 558728
8870 5432871 4874143 558728 558728
8880 5432871 4874143 558728 558728
8890 5432871 4874143 558728 558728
8900 5432871 4874143 558728 558728
8910 5432871 4874143 558728 558728
8920 5432871 4874143 558728 558728
8930 5432871 4874143 558728 558728
8940 5432871 4874143 558728 558728
8950 5432871 4874143 558728 558728
8960 5432871 4874143 558728 558728
8970 5432871 4874143 558728 558728
8980 5432871 4874143 558728 558728
8990 5432871 4874143 558728 558728
9000 5432871 4874143 558728 558728
9010 5432871 4874143 558728 558728
9020 5432871 4874143 558728 558728
9030 5432871 4874143 558728 558728
9040 5432871 4874143 558728 558728
9050 5432871 4874143 558728 558728
9060 5432871 4874143 558728 558728
9070 5432871 4874143 558728 558728
9080 5432871 4874143 558728 558728
9090 5432871 4874143 558728 558728
9100 5432871 4874143 558728 558728
9110 5432871 4874143 558728 558728
9120 5432871 4874143 558728 558728
9130 5432871 4874143 558728 558728
9140 5432871 4874143 558728 558728
9150 5432871 4874143 558728 558728
9160 5432871 4874143 558728 558728
9170 5432871 4874143 558728 558728
9180 5432871 4874143 558728 558728
9190 5432871 4874143 558728 558728
9200 5432871 4874143 558728 558728
9210 5432871 4874143 558728 558728
9220 5432871 4874143 558728 558728
9230 5432871 4874143 558728 558728
9240 5432871 4874143 558728 558728
9250 5432871 4874143 558728 558728
9260 5432871 4874143 558728 558728
9270 5432871 4874143 558728 558728
9280 5432871 4874143 558728 558728
9290 5432871 4874143 558728 558728
9300 5432871 4874143 558728 558728
9310 5432871 4874143 558728 558728
9320 5432871 4874143 558728 558728
9330 5432871 4874143 558728 558728
9340 5432871 4874143 558728 558728
9350 5432871 4874143 558728 558728
9360 5432871 4874143 558728 558728
9370 5432871 4874143 558728 558728
9380 5432871 4874143 558728 558728
9390 5432871 4874143 558728 558728
9400 5432871 4874143 558728 558728
9410 5432871 4874143 558728 558728
9420 5432871 4874143 558728 558728
9430 5432871 4874143 558728 558728
9440 5432871 4874143 558728 558728
9450 5432871 4874143 558728 558728
9460 5432871 4874143 558728 558728
9470 5432871 4874143 558728 558728
9480 5432871 4874143 558728 558728
9490 5432871 4874143 558728 558728
9500 5432871 4874143 558728 558728
9510 5432871 4874143 558728 558728
9520 5432871 4874143 558728 558728
9530 5432871 4874143 558728 558728
9540 5432871 4874143 558728 558728
9550 5432871 4874143 558728 558728
9560 5432871 4874143 558728 558728
9570 5432871 4874143 558728 558728
9580 5432871 4874143 558728 558728
9590 5432871 4874143 558728 558728
9600 5432871 4874143 558728 558728
9610 5432871 4874143 558728 558728
9620 5432871 4874143 558728 558728
9630 5432871 4874143 558728 558728
9640 5432871 4874143 558728 558728
9650 5432871 4874143 558728 558728
9660 5432871 4874143 558728 558728
9670 5432871 4874143 558728 558728
9680 5432871 4874143 558728 558728
9690 5432871 4874143 558728 558728
9700 5432871 4874143 558728 558728
9710 5432871 4874143 558728 558728
9720 5432871 4874143 558728 558728
9730 5432871 4874143 558728 558728
9740 5432871 4874143 558728 558728
9750 5432871 4874143 558728 558728
9760 5432871 4874143 558728 558728
9770 5432871 4874143 558728 558728
9780 5432871 4874143 558728 558728
9790 5432871 4874143 558728 558728
9800 5432871 4874143 558728 558728
9810 5432871 4874143 558728 558728
9820 5432871 4874143 558728 558728
9830 5432871 4874143 558728 558728
9840 5432871 4874143 558728 558728
9850 5432871 4874143 558728 558728
9860 5432871 4874143 558728 558728
9870 5432871 4874143 558728 558728
9880 5432871 4874143 558728 558728
9890 5432871 4874143 558728 558728
9900 5432871 4874143 558728 558728
9910 5432871 4874143 558728 558728
9920 5432871 4874143 558728 558728
9930 5432871 4874143 558728 558728
9940 5432871 4874143 558728 558728
9950 5432871 4874143 558728 558728
9960 5432871 4874143 558728 558728
9970 5432871 4874143 558728 558728
9980 5432871 4874143 558728 558728
9990 5432871 4874143 558728 558728
10000 5432871 4874143 558728 558728
10010 5432871 4874143 558728 558728
10020 5432871 4874143 558728 558728
10030 5432871 4874143 558728 558728
10040 5432871 4874143 558728 558728
10050 5432871 4874143 558728 558728
10060 5432871 4874143 558728 558728
10070 5432871 4874143 558728 558728
10080 5432871 4874143 558728 558728
10090 5432871 4874143 558728 558728
10100 5432871 4874143 558728 558728
10110 5432871 4874143 558728 558728
10120 5432871 4874143 558728 558728
10130 5432871 4874143 558728 558728
10140 5432871 4874143 558728 558728
10150 5432871 4874143 558728 558728
10160 5432871 4874143 558728 558728
10170 5432871 4874143 558728 558728
10180 5432871 4874143 558728 558728
10190 5432871 4874143 558728 558728
10200 5432871 4874143 558728 558728
10210 5432871 4874143 558728 558728
10220 5432871 4874143 558728 558728
10230 5432871 4874143 558728 558728
10240 5432871 4874143 558728 558728
10250 5432871 4874143 558728 558728
10260 5432871 4874143 558728 558728
10270 5432871 4874143 558728 558728
10280 5432871 4874143 558728 558728
10290 5432871 4874143 558728 558728
10300 5432871 4874143 558728 558728
10310 5432871 4874143 558728 558728
10320 5432871 4874143 558728 558728
10330 5432871 4874143 558728 558728
10340 5432871 4874143 558728 558728
10350 5432871 4874143 558728 558728
10360 5432871 4874143 558728 558728
10370 5432871 4874143 558728 558728
10380 5432871 4874143 558728 558728
10390 5432871 4874143 558728 558728
10400 5432871 4874143 558728 558728
10410 5432871 4874143 558728 558728
10420 5432871 4874143 558728 558728
10430 5432871 4874143 558728 558728
10440 5432871 4874143 558728 558728
10450 5432871 4874143 558728 558728
10460 5432871 4874143 558728 558728
10470 5432871 4874143 558728 558728
10480 5432871 4874143 558728 558728
10490 5432871 4874143 558728 558728
10500 5432871 4874143 558728 558728
10510 5432871 4874143 558728 558728
10520 5432871 4874143 558728 558728
10530 5432871 4874143 558728 558728
10540 5432871 4874143 558728 558728
10550 5432871 4874143 558728 558728
10560 5432871 4874143 558728 558728
10570 5432871 4874143 558728 558728
10580 5432871 4874143 558728 558728
10590 5432871 4874143 558728 558728
10600 5432871 4874143 558728 558728
10610 5432871 4874143 558728 558728
10620 5432871 4874143 558728 558728
10630 5432871 4874143 558728 558728
10640 5432871 4874143 558728 558728
10650 5432871 4874143 558728 558728
10660 5432871 4874143 558728 558728
10670 5432871 4874143 558728 558728
10680 5432871 4874143 558728 558728
10690 5432871 4874143 558728 558728
10700 5432871 4874143 558728 558728
10710 5432871 4874143 558728 558728
10720 5432871 4874143 558728 558728
10730 5432871 4874143 558728 558728
10740 5432871 4874143 558728 558728
10750 5432871 4874143 558728 558728
10760 5432871 4874143 558728 558728
10770 5432871 4874143 558728 558728
10780 5432871 4874143 558728 558728
10790 5432871 4874143 558728 558728
10800 5432871 4874143 558728 558728
10810 5432871 4874143 558728 558728
10820 5432871 4874143 558728 558728
10830 5432871 4874143 558728 558728
10840 5432871 4874143 558728 558728
10850 5432871 4874143 558728 558728
10860 5432871 4874143 558728 558728
10870 5432871 4874143 558728 558728
10880 5432871 4874143 558728 558728
10890 5432871 4874143 558728 558728
10900 5432871 4874143 558728 558728
10910 5432871 4874143 558728 558728
10920 5432871 4874143 558728 558728
10930 5432871 4874143 558728 558728
10940 5432871 4874143 558728 558728
10950 5432871 4874143 558728 558728
10960 5432871 4874143 558728 558728
10970 5432871 4874143 558728 558728
10980 5432871 4874143 558728 558728
10990 5432871 4874143 558728 558728
11000 5432871 4874143 558728 558728
11010 5432871 4874143 558728 558728
11020 5432871 4874143 558728 558728
11030 5432871 4874143 558728 558728
11040 5432871 4874143 558728 558728
11050 5432871 4874143 558728 558728
11060 5432871 4874143 558728 558728
11070 5432871 4874143 558728 558728
11080 5432871 4874143 558728 558728
11090 5432871 4874143 558728 558728
11100 5432871 4874143 558728 558728
11110 5432871 4874143 558728 558728
11120 5432871 4874143 558728 558728
11130 5432871 4874143 558728 558728
11140 5432871 4874143 558728 558728
11150 5432871 4874143 558728 558728
11160 5432871 4874143 558728 558728
11170 5432871 4874143 558728 558728
11180 5432871 4874143 558728 558728
11190 5432871 4874143 558728 558728
11200 5432871 4874143 558728 558728
11210 5432871 4874143 558728 558728
11220 5432871 4874143 558728 558728
11230 5432871 4874143 558728 558728
11240 5432871 4874143 558728 558728
11250 5432871 4874143 558728 558728
11260 5432871 4874143 558728 558728
11270 5432871 4874143 558728 558728
11280 5432871 4874143 558728 558728
11290 5432871 4874143 558728 558728
11300 5432871 4874143 558728 558728
11310 5432871 4874143 558728 558728
11320 5432871 4874143 558728 558728
11330 5432871 4874143 558728 558728
11340 5432871 4874143 558728 558728
11350 5432871 4874143 558728 558728
11360 5432871 4874143 558728 558728
11370 5432871 4874143 558728 558728
11380 5432871 4874143 558728 558728
11390 5432871 4874143 558728 558728
11400 5432871 4874143 558728 558728
11410 5432871 4874143 558728 558728
11420 5432871 4874143 558728 558728
11430 5432871 4874143 558728 558728
11440 5432871 4874143 558728 558728
11450 5432871 4874143 558728 558728
11460 5432871 4874143 558728 558728
11470 5432871 4874143 558728 558728
11480 5432871 4874143 558728 558728
11490 5432871 4874143 558728 558728
11500 5432871 4874143 558728 558728
11510 5432871 4874143 558728 558728
11520 5432871 4874143 558728 558728
11530 5432871 4874143 558728 558728
11540 5432871 4874143 558728 558728
11550 5432871 4874143 558728 558728
11560 5432871 4874143 558728 558728
11570 5432871 4874143 558728 558728
11580 5432871 4874143 558728 558728
11590 5432871 4874143 558728 558728
11600 5432871 4874143 558728 558728
11610 5432871 4874143 558728 558728
11620 5432871 4874143 558728 558728
11630 5432871 4874143 558728 558728
11640 5432871 4874143 558728 558728
11650 5432871 4874143 558728 558728
11660 5432871 4874143 558728 558728
11670 5432871 4874143 558728 558728
11680 5432871 4874143 558728 558728
11690 5432871 4874143 558728 558728
11700 5432871 4874143 558728 558728
11710 5432871 4874143 558728 558728
11720 5432871 4874143 558728 558728
11730 5432871 4874143 558728 558728
11740 5432871 4874143 558728 558728
11750 5432871 4874143 558728 558728
11760 5432871 4874143 558728 558728
11770 5432871 4874143 558728 558728
11780 5432871 4874143 558728 558728
11790 5432871 4874143 558728 558728
11800 5432871 4874143 558728 558728
11810 5432871 4874143 558728 558728
11820 5432871 4874143 558728 558728
11830 5432871 4874143 558728 558728
11840 5432871 4874143 558728 558728
11850 5432871 4874143 558728 558728
11860 5432871 4874143 558728 558728
11870 5432871 4874143 558728 558728
11880 5432871 4874143 558728 558728
11890 5432871 4874143 558728 558728
11900 5432871 4874143 558728 558728
11910 5432871 4874143 558728 558728
11920 5432871 4874143 558728 558728
11930 5432871 4874143 558728 558728
11940 5432871 4874143 558728 558728
11950 5432871 4874143 558728 558728
11960 5432871 4874143 558728 558728
11970 5432871 4874143 558728 558728
11980 5432871 4874143 558728 558728
11990 5432871 4874143 558728 558728
12000 5432871 4874143 558728 558728
12010 5432871 4874143 558728 558728
12020 5432871 4874143 558728 558728
12030 5432871 4874143 558728 558728
12040 5432871 4874143 558728 558728
12050 5432871 4874143 558728 558728
12060 5432871 4874143 558728 558728
12070 5432871 4874143 558728 558728
12080 5432871 4874143 558728 558728
12090 5432871 4874143 558728 558728
12100 5432871 4874143 558728 558728
12110 5432871 4874143 558728 558728
12120 5432871 4874143 558728 558728
12130 5432871 4874143 558728 558728
12140 5432871 4874143 558728 558728
12150 5432871 4874143 558728 558728
12160 5432871 4874143 558728 558728
12170 5432871 4874143 558728 558728
12180 5432871 4874143 558728 558728
12190 5432871 4874143 558728 558728
12200 5432871 4874143 558728 558728
12210 5432871 4874143 558728 558728
12220 5432871 4874143 558728 558728
12230 5432871 4874143 558728 558728
12240 5432871 4874143 558728 558728
12250 5432871 4874143 558728 558728
12260 5432871 4874143 558728 558728
12270 5432871 4874143 558728 558728
12280 5432871 4874143 558728 558728
12290 5432871 4874143 558728 558728
12300 5432871 4874143 558728 558728
12310 5432871 4874143 558728 558728
12320 5432871 4874143 558728 558728
12330 5432871 4874143 558728 558728
12340 5432871 4874143 558728 558728
12350 5432871 4874143 558728 558728
12360 5432871 4874143 558728 558728
12370 5432871 4874143 558728 558728
12380 5432871 4874143 558728 558728
12390 5432871 4874143 558728 558728
12400 5432871 4874143 558728 558728
12410 5432871 4874143 558728 558728
12420 5432871 4874143 558728 558728
12430 5432871 4874143 558728 558728
12440 5432871 4874143 558728 558728
12450 5432871 4874143 558728 558728
12460 5432871 4874143 558728 558728
12470 5432871 4874143 558728 558728
12480 5432871 4874143 558728 558728
12490 5432871 4874143 558728 558728
12500 5432871 4874143 558728 558728
12510 5432871 4874143 558728 558728
12520 5432871 4874143 558728 558728
12530 5432871 4874143 558728 558728
12540 5432871 4874143 558728 558728
12550 5432871 4874143 558728 558728
12560 5432871 4874143 558728 558728
12570 5432871 4874143 558728 558728
12580 5432871 4874143 558728 558728
12590 5432871 4874143 558728 558728
12600 5432871 4874143 558728 558728
12610 5432871 4874143 558728 558728
12620 5432871 4874143 558728 558728
12630 5432871 4874143 558728 558728
12640 5432871 4874143 558728 558728
12650 5432871 4874143 558728 558728
12660 5432871 4874143 558728 558728
12670 5432871 4874143 558728 558728
12680 5432871 4874143 558728 558728
12690 5432871 4874143 558728 558728
12700 5432871 4874143 558728 558728
12710 5432871 4874143 558728 558728
12720 5432871 4874143 558728 558728
12730 5432871 4874143 558728 558728
12740 5432871 4874143 558728 558728
12750 5432871 4874143 558728 558728
12760 5432871 4874143 558728 558728
12770 5432871 4874143 558728 558728
12780 5432871 4874143 558728 558728
12790 5432871 4874143 558728 558728
12800 5432871 4874143 558728 558728
12810 5432871 4874143 558728 558728
12820 5432871 4874143 558728 558728
12830 5432871 4874143 558728 558728
12840 5432871 4874143 558728 558728
12850 5432871 4874143 558728 558728
12860 5432871 4874143 558728 558728
12870 5432871 4874143 558728 558728
12880 5432871 4874143 558728 558728
12890 5432871 4874143 558728 558728
12900 5432871 4874143 558728 558728
12910 5432871 4874143 558728 558728
12920 5432871 4874143 558728 558728
12930 5432871 4874143 558728 558728
12940 5432871 4874143 558728 558728
12950 5432871 4874143 558728 558728
12960 5432871 4874143 558728 558728
12970 5432871 4874143 558728 558728
12980 5432871 4874143 558728 558728
12990 5432871 4874143 558728 558728
13000 5432871 4874143 558728 558728
13010 5432871 4874143 558728 558728
13020 5432871 4874143 558728 558728
13030 5432871 4874143 558728 558728
13040 5432871 4874143 558728 558728
13050 5432871 4874143 558728 558728
13060 5432871 4874143 558728 558728
13070 5432871 4874143 558728 558728
13080 5432871 4874143 558728 558728
13090 5432871 4874143 558728 558728
13100 5432871 4874143 558728 558728
13110 5432871 4874143 558728 558728
13120 5432871 4874143 558728 558728
13130 5432871 4874143 558728 558728
13140 5432871 4874143 558728 558728
13150 5432871 4874143 558728 558728
13160 5432871 4874143 558728 558728
13170 5432871 4874143 558728 558728
13180 5432871 4874143 558728 558728
13190 5432871 4874143 558728 558728
13200 5432871 4874143 558728 558728
13210 5432871 4874143 558728 558728
13220 5432871 4874143 558728 558728
13230 5432871 4874143 558728 558728
13240 5432871 4874143 558728 558728
13250 5432871 4874143 558728 558728
13260 5432871 4874143 558728 558728
13270 5432871 4874143 558728 558728
13280 5432871 4874143 558728 558728
13290 5432871 4874143 558728 558728
13300 5432871 4874143 558728 558728
13310 5432871 4874143 558728 558728
13320 5432871 4874143 558728 558728
13330 5432871 4874143 558728 558728
13340 5432871 4874143 558728 558728
13350 5432871 4874143 558728 558728
13360 5432871 4874143 558728 558728
13370 5432871 4874143 558728 558728
13380 5432871 4874143 558728 558728
13390 5432871 4874143 558728 558728
13400 5432871 4874143 558728 558728
13410 5432871 4874143 558728 558728
13420 5432871 4874143 558728 558728
13430 5432871 4874143 558728 558728
13440 5432871 4874143 558728 558728
13450 5432871 4874143 558728 558728
13460 5432871 4874143 558728 558728
13470 5432871 4874143 558728 558728
13480 5432871 4874143 558728 558728
13490 5432871 4874143 558728 558728
13500 5432871 4874143 558728 558728
13510 5432871 4874143 558728 558728
13520 5432871 4874143 558728 558728
13530 5432871 4874143 558728 558728
13540 5432871 4874143 558728 558728
13550 5432871 4874143 558728 558728
13560 5432871 4874143 558728 558728
13570 5432871 4874143 558728 558728
13580 5432871 4874143 558728 558728
13590 5432871 4874143 558728 558728
13600 5432871 4874143 558728 558728
13610 5432871 4874143 558728 558728
13620 5432871 4874143 558728 558728
13630 5432871 4874143 558728 558728
13640 5432871 4874143 558728 558728
13650 5432871 4874143 558728 558728
13660 5432871 4874143 558728 558728
13670 5432871 4874143 558728 558728
13680 5432871 4874143 558728 558728
13690 5432871 4874143 558728 558728
13700 5432871 4874143 558728 558728
13710 5432871 4874143 558728 558728
13720 5432871 4874143 558728 558728
13730 5432871 4874143 558728 558728
13740 5432871 4874143 558728 558728
13750 5432871 4874143 558728 558728
13760 5432871 4874143 558728 558728
13770 5432871 4874143 558728 558728
13780 5432871 4874143 558728 558728
13790 5432871 4874143 558728 558728
13800 5432871 4874143 558728 558728
13810 5432871 4874143 558728 558728
13820 5432871 4874143 558728 558728
13830 5432871 4874143 558728 558728
13840 5432871 4874143 558728 558728
13850 5432871 4874143 558728 558728
13860 5432871 4874143 558728 558728

