Optimal path [nodeId(time to the node):
17(0) -> 25(153) -> 56(139) -> 81(127) -> 89(149) -> 72(176) -> 10(159) -> 32(124) -> 98(128) -> 85(132) -> 71(143) -> 39(144) -> 33(122) -> 66(149) -> 4(143) -> 1(145) -> 29(165) -> 14(149) -> 9(128) -> 77(141) -> 47(154) -> 8(123) -> 52(137) -> 2(147) -> 93(131) -> 97(130) -> 18(129) -> 57(132) -> 62(150) -> 34(129) -> 90(134) -> 6(132) -> 28(117) -> 50(136) -> 63(133) -> 69(124) -> 42(125) -> 74(122) -> 20(136) -> 43(119) -> 70(126) -> 53(122) -> 51(122) -> 64(132) -> 88(127) -> 46(137) -> 19(162) -> 5(144) -> 27(115) -> 24(140) -> 15(140) -> 22(121) -> 45(144) -> 55(129) -> 54(119) -> 49(151) -> 38(128) -> 73(133) -> 58(123) -> 99(133) -> 59(139) -> 26(136) -> 13(123) -> 36(142) -> 30(129) -> 79(148) -> 86(157) -> 37(132) -> 23(140) -> 87(151) -> 80(119) -> 68(129) -> 65(144) -> 84(140) -> 83(127) -> 0(132) -> 7(117) -> 92(143) -> 35(129) -> 40(125) -> 82(148) -> 67(131) -> 41(118) -> 16(120) -> 48(137) -> 94(137) -> 75(111) -> 44(135) -> 60(123) -> 31(117) -> 76(129) -> 12(147) -> 3(138) -> 61(130) -> 11(129) -> 91(140) -> 78(129) -> 96(137) -> 21(140) -> 95(132)
Total time of delivery: 13334
The cost function value: 2483842

Statistics at the end of simulation: 
Residents: 5432871
Illness cases: 4954351 --> [91.1921339564293%]
Healthy residents: 478520 --> [8.807866043570701%]
Vaccinated residents478520 --> [8.807866043570701%]

Statistics of each node: 
id residentsNumber illnessCases healthyResidents vaccinated
17 27216 1 27215 27215
25 67586 5 67581 67581
56 80108 29 80079 80079
81 89526 126 89400 89400
89 68284 707 67577 67577
72 90063 5404 84659 84659
10 95932 33923 62009 62009
32 59165 59165 0 0
98 93006 93006 0 0
85 44972 44972 0 0
71 23666 23666 0 0
39 32804 32804 0 0
33 13135 13135 0 0
66 26230 26230 0 0
4 56018 56018 0 0
1 49456 49456 0 0
29 15814 15814 0 0
14 81887 81887 0 0
9 60305 60305 0 0
77 28452 28452 0 0
47 98952 98952 0 0
8 45160 45160 0 0
52 63153 63153 0 0
2 43074 43074 0 0
93 39916 39916 0 0
97 86845 86845 0 0
18 16978 16978 0 0
57 39724 39724 0 0
62 19500 19500 0 0
34 28894 28894 0 0
90 80008 80008 0 0
6 12672 12672 0 0
28 91749 91749 0 0
50 30829 30829 0 0
63 51706 51706 0 0
69 66112 66112 0 0
42 68898 68898 0 0
74 81649 81649 0 0
20 48774 48774 0 0
43 79446 79446 0 0
70 36163 36163 0 0
53 61988 61988 0 0
51 94699 94699 0 0
64 22353 22353 0 0
88 37474 37474 0 0
46 73816 73816 0 0
19 87851 87851 0 0
5 15364 15364 0 0
27 80174 80174 0 0
24 37355 37355 0 0
15 78003 78003 0 0
22 73621 73621 0 0
45 46217 46217 0 0
55 88344 88344 0 0
54 69376 69376 0 0
49 19584 19584 0 0
38 33030 33030 0 0
73 49077 49077 0 0
58 16081 16081 0 0
99 28053 28053 0 0
59 83546 83546 0 0
26 26605 26605 0 0
13 61304 61304 0 0
36 85682 85682 0 0
30 67192 67192 0 0
79 84379 84379 0 0
86 26732 26732 0 0
37 51694 51694 0 0
23 20873 20873 0 0
87 20655 20655 0 0
80 67722 67722 0 0
68 42462 42462 0 0
65 70610 70610 0 0
84 70627 70627 0 0
83 46841 46841 0 0
0 59902 59902 0 0
7 29243 29243 0 0
92 24523 24523 0 0
35 96767 96767 0 0
40 31222 31222 0 0
82 15231 15231 0 0
67 37842 37842 0 0
41 91808 91808 0 0
16 82700 82700 0 0
48 13555 13555 0 0
94 76894 76894 0 0
75 26017 26017 0 0
44 15573 15573 0 0
60 91794 91794 0 0
31 69146 69146 0 0
76 31382 31382 0 0
12 79926 79926 0 0
3 57882 57882 0 0
61 25643 25643 0 0
11 84816 84816 0 0
91 32862 32862 0 0
78 57716 57716 0 0
96 73344 73344 0 0
21 82806 82806 0 0
95 71066 71066 0 0

Statistics step by step: 
minute residentsNumber illnessCases healthyResidents vaccinated
0 5432871 100 5432771 27215
10 5432871 100 5432771 27215
20 5432871 100 5432771 27215
30 5432871 100 5432771 27215
40 5432871 100 5432771 27215
50 5432871 100 5432771 27215
60 5432871 199 5432672 27215
70 5432871 199 5432672 27215
80 5432871 199 5432672 27215
90 5432871 199 5432672 27215
100 5432871 298 5432573 27215
110 5432871 298 5432573 27215
120 5432871 397 5432474 27215
130 5432871 397 5432474 27215
140 5432871 496 5432375 27215
150 5432871 496 5432375 27215
160 5432871 594 5432277 94796
170 5432871 692 5432179 94796
180 5432871 790 5432081 94796
190 5432871 790 5432081 94796
200 5432871 986 5431885 94796
210 5432871 1084 5431787 94796
220 5432871 1182 5431689 94796
230 5432871 1378 5431493 94796
240 5432871 1574 5431297 94796
250 5432871 1672 5431199 94796
260 5432871 1966 5430905 94796
270 5432871 2162 5430709 94796
280 5432871 2456 5430415 94796
290 5432871 2750 5430121 94796
300 5432871 3139 5429732 174875
310 5432871 3430 5429441 174875
320 5432871 3915 5428956 174875
330 5432871 4400 5428471 174875
340 5432871 4885 5427986 174875
350 5432871 5564 5427307 174875
360 5432871 6243 5426628 174875
370 5432871 6922 5425949 174875
380 5432871 7795 5425076 174875
390 5432871 8765 5424106 174875
400 5432871 9832 5423039 174875
410 5432871 11093 5421778 174875
420 5432871 12449 5420422 264275
430 5432871 13889 5418982 264275
440 5432871 15617 5417254 264275
450 5432871 17537 5415334 264275
460 5432871 19649 5413222 264275
470 5432871 22049 5410822 264275
480 5432871 24737 5408134 264275
490 5432871 27713 5405158 264275
500 5432871 31073 5401798 264275
510 5432871 34913 5397958 264275
520 5432871 39137 5393734 264275
530 5432871 43937 5388934 264275
540 5432871 49313 5383558 264275
550 5432871 55265 5377606 264275
560 5432871 62081 5370790 264275
570 5432871 69648 5363223 331852
580 5432871 78008 5354863 331852
590 5432871 87508 5345363 331852
600 5432871 98148 5334723 331852
610 5432871 110023 5322848 331852
620 5432871 123418 5309453 331852
630 5432871 138428 5294443 331852
640 5432871 155243 5277628 331852
650 5432871 174148 5258723 331852
660 5432871 195428 5237443 331852
670 5432871 219178 5213693 331852
680 5432871 245968 5186903 331852
690 5432871 275988 5156883 331852
700 5432871 309618 5123253 331852
710 5432871 347523 5085348 331852
720 5432871 389988 5042883 331852
730 5432871 437583 4995288 331852
740 5432871 491068 4941803 331852
750 5432871 550720 4882151 416511
760 5432871 617366 4815505 416511
770 5432871 692284 4740587 416511
780 5432871 776320 4656551 416511
790 5432871 870602 4562269 416511
800 5432871 976446 4456425 416511
810 5432871 1095262 4337609 416511
820 5432871 1228223 4204648 416511
830 5432871 1373870 4059001 416511
840 5432871 1532721 3900150 416511
850 5432871 1703825 3729046 416511
860 5432871 1893045 3539826 416511
870 5432871 2097240 3335631 416511
880 5432871 2320011 3112860 416511
890 5432871 2551895 2880976 416511
900 5432871 2793819 2639052 416511
910 5432871 3043493 2389378 478520
920 5432871 3304184 2128687 478520
930 5432871 3577449 1855422 478520
940 5432871 3852332 1580539 478520
950 5432871 4135443 1297428 478520
960 5432871 4408386 1024485 478520
970 5432871 4655769 777102 478520
980 5432871 4849727 583144 478520
990 5432871 4941651 491220 478520
1000 5432871 4954351 478520 478520
1010 5432871 4954351 478520 478520
1020 5432871 4954351 478520 478520
1030 5432871 4954351 478520 478520
1040 5432871 4954351 478520 478520
1050 5432871 4954351 478520 478520
1060 5432871 4954351 478520 478520
1070 5432871 4954351 478520 478520
1080 5432871 4954351 478520 478520
1090 5432871 4954351 478520 478520
1100 5432871 4954351 478520 478520
1110 5432871 4954351 478520 478520
1120 5432871 4954351 478520 478520
1130 5432871 4954351 478520 478520
1140 5432871 4954351 478520 478520
1150 5432871 4954351 478520 478520
1160 5432871 4954351 478520 478520
1170 5432871 4954351 478520 478520
1180 5432871 4954351 478520 478520
1190 5432871 4954351 478520 478520
1200 5432871 4954351 478520 478520
1210 5432871 4954351 478520 478520
1220 5432871 4954351 478520 478520
1230 5432871 4954351 478520 478520
1240 5432871 4954351 478520 478520
1250 5432871 4954351 478520 478520
1260 5432871 4954351 478520 478520
1270 5432871 4954351 478520 478520
1280 5432871 4954351 478520 478520
1290 5432871 4954351 478520 478520
1300 5432871 4954351 478520 478520
1310 5432871 4954351 478520 478520
1320 5432871 4954351 478520 478520
1330 5432871 4954351 478520 478520
1340 5432871 4954351 478520 478520
1350 5432871 4954351 478520 478520
1360 5432871 4954351 478520 478520
1370 5432871 4954351 478520 478520
1380 5432871 4954351 478520 478520
1390 5432871 4954351 478520 478520
1400 5432871 4954351 478520 478520
1410 5432871 4954351 478520 478520
1420 5432871 4954351 478520 478520
1430 5432871 4954351 478520 478520
1440 5432871 4954351 478520 478520
1450 5432871 4954351 478520 478520
1460 5432871 4954351 478520 478520
1470 5432871 4954351 478520 478520
1480 5432871 4954351 478520 478520
1490 5432871 4954351 478520 478520
1500 5432871 4954351 478520 478520
1510 5432871 4954351 478520 478520
1520 5432871 4954351 478520 478520
1530 5432871 4954351 478520 478520
1540 5432871 4954351 478520 478520
1550 5432871 4954351 478520 478520
1560 5432871 4954351 478520 478520
1570 5432871 4954351 478520 478520
1580 5432871 4954351 478520 478520
1590 5432871 4954351 478520 478520
1600 5432871 4954351 478520 478520
1610 5432871 4954351 478520 478520
1620 5432871 4954351 478520 478520
1630 5432871 4954351 478520 478520
1640 5432871 4954351 478520 478520
1650 5432871 4954351 478520 478520
1660 5432871 4954351 478520 478520
1670 5432871 4954351 478520 478520
1680 5432871 4954351 478520 478520
1690 5432871 4954351 478520 478520
1700 5432871 4954351 478520 478520
1710 5432871 4954351 478520 478520
1720 5432871 4954351 478520 478520
1730 5432871 4954351 478520 478520
1740 5432871 4954351 478520 478520
1750 5432871 4954351 478520 478520
1760 5432871 4954351 478520 478520
1770 5432871 4954351 478520 478520
1780 5432871 4954351 478520 478520
1790 5432871 4954351 478520 478520
1800 5432871 4954351 478520 478520
1810 5432871 4954351 478520 478520
1820 5432871 4954351 478520 478520
1830 5432871 4954351 478520 478520
1840 5432871 4954351 478520 478520
1850 5432871 4954351 478520 478520
1860 5432871 4954351 478520 478520
1870 5432871 4954351 478520 478520
1880 5432871 4954351 478520 478520
1890 5432871 4954351 478520 478520
1900 5432871 4954351 478520 478520
1910 5432871 4954351 478520 478520
1920 5432871 4954351 478520 478520
1930 5432871 4954351 478520 478520
1940 5432871 4954351 478520 478520
1950 5432871 4954351 478520 478520
1960 5432871 4954351 478520 478520
1970 5432871 4954351 478520 478520
1980 5432871 4954351 478520 478520
1990 5432871 4954351 478520 478520
2000 5432871 4954351 478520 478520
2010 5432871 4954351 478520 478520
2020 5432871 4954351 478520 478520
2030 5432871 4954351 478520 478520
2040 5432871 4954351 478520 478520
2050 5432871 4954351 478520 478520
2060 5432871 4954351 478520 478520
2070 5432871 4954351 478520 478520
2080 5432871 4954351 478520 478520
2090 5432871 4954351 478520 478520
2100 5432871 4954351 478520 478520
2110 5432871 4954351 478520 478520
2120 5432871 4954351 478520 478520
2130 5432871 4954351 478520 478520
2140 5432871 4954351 478520 478520
2150 5432871 4954351 478520 478520
2160 5432871 4954351 478520 478520
2170 5432871 4954351 478520 478520
2180 5432871 4954351 478520 478520
2190 5432871 4954351 478520 478520
2200 5432871 4954351 478520 478520
2210 5432871 4954351 478520 478520
2220 5432871 4954351 478520 478520
2230 5432871 4954351 478520 478520
2240 5432871 4954351 478520 478520
2250 5432871 4954351 478520 478520
2260 5432871 4954351 478520 478520
2270 5432871 4954351 478520 478520
2280 5432871 4954351 478520 478520
2290 5432871 4954351 478520 478520
2300 5432871 4954351 478520 478520
2310 5432871 4954351 478520 478520
2320 5432871 4954351 478520 478520
2330 5432871 4954351 478520 478520
2340 5432871 4954351 478520 478520
2350 5432871 4954351 478520 478520
2360 5432871 4954351 478520 478520
2370 5432871 4954351 478520 478520
2380 5432871 4954351 478520 478520
2390 5432871 4954351 478520 478520
2400 5432871 4954351 478520 478520
2410 5432871 4954351 478520 478520
2420 5432871 4954351 478520 478520
2430 5432871 4954351 478520 478520
2440 5432871 4954351 478520 478520
2450 5432871 4954351 478520 478520
2460 5432871 4954351 478520 478520
2470 5432871 4954351 478520 478520
2480 5432871 4954351 478520 478520
2490 5432871 4954351 478520 478520
2500 5432871 4954351 478520 478520
2510 5432871 4954351 478520 478520
2520 5432871 4954351 478520 478520
2530 5432871 4954351 478520 478520
2540 5432871 4954351 478520 478520
2550 5432871 4954351 478520 478520
2560 5432871 4954351 478520 478520
2570 5432871 4954351 478520 478520
2580 5432871 4954351 478520 478520
2590 5432871 4954351 478520 478520
2600 5432871 4954351 478520 478520
2610 5432871 4954351 478520 478520
2620 5432871 4954351 478520 478520
2630 5432871 4954351 478520 478520
2640 5432871 4954351 478520 478520
2650 5432871 4954351 478520 478520
2660 5432871 4954351 478520 478520
2670 5432871 4954351 478520 478520
2680 5432871 4954351 478520 478520
2690 5432871 4954351 478520 478520
2700 5432871 4954351 478520 478520
2710 5432871 4954351 478520 478520
2720 5432871 4954351 478520 478520
2730 5432871 4954351 478520 478520
2740 5432871 4954351 478520 478520
2750 5432871 4954351 478520 478520
2760 5432871 4954351 478520 478520
2770 5432871 4954351 478520 478520
2780 5432871 4954351 478520 478520
2790 5432871 4954351 478520 478520
2800 5432871 4954351 478520 478520
2810 5432871 4954351 478520 478520
2820 5432871 4954351 478520 478520
2830 5432871 4954351 478520 478520
2840 5432871 4954351 478520 478520
2850 5432871 4954351 478520 478520
2860 5432871 4954351 478520 478520
2870 5432871 4954351 478520 478520
2880 5432871 4954351 478520 478520
2890 5432871 4954351 478520 478520
2900 5432871 4954351 478520 478520
2910 5432871 4954351 478520 478520
2920 5432871 4954351 478520 478520
2930 5432871 4954351 478520 478520
2940 5432871 4954351 478520 478520
2950 5432871 4954351 478520 478520
2960 5432871 4954351 478520 478520
2970 5432871 4954351 478520 478520
2980 5432871 4954351 478520 478520
2990 5432871 4954351 478520 478520
3000 5432871 4954351 478520 478520
3010 5432871 4954351 478520 478520
3020 5432871 4954351 478520 478520
3030 5432871 4954351 478520 478520
3040 5432871 4954351 478520 478520
3050 5432871 4954351 478520 478520
3060 5432871 4954351 478520 478520
3070 5432871 4954351 478520 478520
3080 5432871 4954351 478520 478520
3090 5432871 4954351 478520 478520
3100 5432871 4954351 478520 478520
3110 5432871 4954351 478520 478520
3120 5432871 4954351 478520 478520
3130 5432871 4954351 478520 478520
3140 5432871 4954351 478520 478520
3150 5432871 4954351 478520 478520
3160 5432871 4954351 478520 478520
3170 5432871 4954351 478520 478520
3180 5432871 4954351 478520 478520
3190 5432871 4954351 478520 478520
3200 5432871 4954351 478520 478520
3210 5432871 4954351 478520 478520
3220 5432871 4954351 478520 478520
3230 5432871 4954351 478520 478520
3240 5432871 4954351 478520 478520
3250 5432871 4954351 478520 478520
3260 5432871 4954351 478520 478520
3270 5432871 4954351 478520 478520
3280 5432871 4954351 478520 478520
3290 5432871 4954351 478520 478520
3300 5432871 4954351 478520 478520
3310 5432871 4954351 478520 478520
3320 5432871 4954351 478520 478520
3330 5432871 4954351 478520 478520
3340 5432871 4954351 478520 478520
3350 5432871 4954351 478520 478520
3360 5432871 4954351 478520 478520
3370 5432871 4954351 478520 478520
3380 5432871 4954351 478520 478520
3390 5432871 4954351 478520 478520
3400 5432871 4954351 478520 478520
3410 5432871 4954351 478520 478520
3420 5432871 4954351 478520 478520
3430 5432871 4954351 478520 478520
3440 5432871 4954351 478520 478520
3450 5432871 4954351 478520 478520
3460 5432871 4954351 478520 478520
3470 5432871 4954351 478520 478520
3480 5432871 4954351 478520 478520
3490 5432871 4954351 478520 478520
3500 5432871 4954351 478520 478520
3510 5432871 4954351 478520 478520
3520 5432871 4954351 478520 478520
3530 5432871 4954351 478520 478520
3540 5432871 4954351 478520 478520
3550 5432871 4954351 478520 478520
3560 5432871 4954351 478520 478520
3570 5432871 4954351 478520 478520
3580 5432871 4954351 478520 478520
3590 5432871 4954351 478520 478520
3600 5432871 4954351 478520 478520
3610 5432871 4954351 478520 478520
3620 5432871 4954351 478520 478520
3630 5432871 4954351 478520 478520
3640 5432871 4954351 478520 478520
3650 5432871 4954351 478520 478520
3660 5432871 4954351 478520 478520
3670 5432871 4954351 478520 478520
3680 5432871 4954351 478520 478520
3690 5432871 4954351 478520 478520
3700 5432871 4954351 478520 478520
3710 5432871 4954351 478520 478520
3720 5432871 4954351 478520 478520
3730 5432871 4954351 478520 478520
3740 5432871 4954351 478520 478520
3750 5432871 4954351 478520 478520
3760 5432871 4954351 478520 478520
3770 5432871 4954351 478520 478520
3780 5432871 4954351 478520 478520
3790 5432871 4954351 478520 478520
3800 5432871 4954351 478520 478520
3810 5432871 4954351 478520 478520
3820 5432871 4954351 478520 478520
3830 5432871 4954351 478520 478520
3840 5432871 4954351 478520 478520
3850 5432871 4954351 478520 478520
3860 5432871 4954351 478520 478520
3870 5432871 4954351 478520 478520
3880 5432871 4954351 478520 478520
3890 5432871 4954351 478520 478520
3900 5432871 4954351 478520 478520
3910 5432871 4954351 478520 478520
3920 5432871 4954351 478520 478520
3930 5432871 4954351 478520 478520
3940 5432871 4954351 478520 478520
3950 5432871 4954351 478520 478520
3960 5432871 4954351 478520 478520
3970 5432871 4954351 478520 478520
3980 5432871 4954351 478520 478520
3990 5432871 4954351 478520 478520
4000 5432871 4954351 478520 478520
4010 5432871 4954351 478520 478520
4020 5432871 4954351 478520 478520
4030 5432871 4954351 478520 478520
4040 5432871 4954351 478520 478520
4050 5432871 4954351 478520 478520
4060 5432871 4954351 478520 478520
4070 5432871 4954351 478520 478520
4080 5432871 4954351 478520 478520
4090 5432871 4954351 478520 478520
4100 5432871 4954351 478520 478520
4110 5432871 4954351 478520 478520
4120 5432871 4954351 478520 478520
4130 5432871 4954351 478520 478520
4140 5432871 4954351 478520 478520
4150 5432871 4954351 478520 478520
4160 5432871 4954351 478520 478520
4170 5432871 4954351 478520 478520
4180 5432871 4954351 478520 478520
4190 5432871 4954351 478520 478520
4200 5432871 4954351 478520 478520
4210 5432871 4954351 478520 478520
4220 5432871 4954351 478520 478520
4230 5432871 4954351 478520 478520
4240 5432871 4954351 478520 478520
4250 5432871 4954351 478520 478520
4260 5432871 4954351 478520 478520
4270 5432871 4954351 478520 478520
4280 5432871 4954351 478520 478520
4290 5432871 4954351 478520 478520
4300 5432871 4954351 478520 478520
4310 5432871 4954351 478520 478520
4320 5432871 4954351 478520 478520
4330 5432871 4954351 478520 478520
4340 5432871 4954351 478520 478520
4350 5432871 4954351 478520 478520
4360 5432871 4954351 478520 478520
4370 5432871 4954351 478520 478520
4380 5432871 4954351 478520 478520
4390 5432871 4954351 478520 478520
4400 5432871 4954351 478520 478520
4410 5432871 4954351 478520 478520
4420 5432871 4954351 478520 478520
4430 5432871 4954351 478520 478520
4440 5432871 4954351 478520 478520
4450 5432871 4954351 478520 478520
4460 5432871 4954351 478520 478520
4470 5432871 4954351 478520 478520
4480 5432871 4954351 478520 478520
4490 5432871 4954351 478520 478520
4500 5432871 4954351 478520 478520
4510 5432871 4954351 478520 478520
4520 5432871 4954351 478520 478520
4530 5432871 4954351 478520 478520
4540 5432871 4954351 478520 478520
4550 5432871 4954351 478520 478520
4560 5432871 4954351 478520 478520
4570 5432871 4954351 478520 478520
4580 5432871 4954351 478520 478520
4590 5432871 4954351 478520 478520
4600 5432871 4954351 478520 478520
4610 5432871 4954351 478520 478520
4620 5432871 4954351 478520 478520
4630 5432871 4954351 478520 478520
4640 5432871 4954351 478520 478520
4650 5432871 4954351 478520 478520
4660 5432871 4954351 478520 478520
4670 5432871 4954351 478520 478520
4680 5432871 4954351 478520 478520
4690 5432871 4954351 478520 478520
4700 5432871 4954351 478520 478520
4710 5432871 4954351 478520 478520
4720 5432871 4954351 478520 478520
4730 5432871 4954351 478520 478520
4740 5432871 4954351 478520 478520
4750 5432871 4954351 478520 478520
4760 5432871 4954351 478520 478520
4770 5432871 4954351 478520 478520
4780 5432871 4954351 478520 478520
4790 5432871 4954351 478520 478520
4800 5432871 4954351 478520 478520
4810 5432871 4954351 478520 478520
4820 5432871 4954351 478520 478520
4830 5432871 4954351 478520 478520
4840 5432871 4954351 478520 478520
4850 5432871 4954351 478520 478520
4860 5432871 4954351 478520 478520
4870 5432871 4954351 478520 478520
4880 5432871 4954351 478520 478520
4890 5432871 4954351 478520 478520
4900 5432871 4954351 478520 478520
4910 5432871 4954351 478520 478520
4920 5432871 4954351 478520 478520
4930 5432871 4954351 478520 478520
4940 5432871 4954351 478520 478520
4950 5432871 4954351 478520 478520
4960 5432871 4954351 478520 478520
4970 5432871 4954351 478520 478520
4980 5432871 4954351 478520 478520
4990 5432871 4954351 478520 478520
5000 5432871 4954351 478520 478520
5010 5432871 4954351 478520 478520
5020 5432871 4954351 478520 478520
5030 5432871 4954351 478520 478520
5040 5432871 4954351 478520 478520
5050 5432871 4954351 478520 478520
5060 5432871 4954351 478520 478520
5070 5432871 4954351 478520 478520
5080 5432871 4954351 478520 478520
5090 5432871 4954351 478520 478520
5100 5432871 4954351 478520 478520
5110 5432871 4954351 478520 478520
5120 5432871 4954351 478520 478520
5130 5432871 4954351 478520 478520
5140 5432871 4954351 478520 478520
5150 5432871 4954351 478520 478520
5160 5432871 4954351 478520 478520
5170 5432871 4954351 478520 478520
5180 5432871 4954351 478520 478520
5190 5432871 4954351 478520 478520
5200 5432871 4954351 478520 478520
5210 5432871 4954351 478520 478520
5220 5432871 4954351 478520 478520
5230 5432871 4954351 478520 478520
5240 5432871 4954351 478520 478520
5250 5432871 4954351 478520 478520
5260 5432871 4954351 478520 478520
5270 5432871 4954351 478520 478520
5280 5432871 4954351 478520 478520
5290 5432871 4954351 478520 478520
5300 5432871 4954351 478520 478520
5310 5432871 4954351 478520 478520
5320 5432871 4954351 478520 478520
5330 5432871 4954351 478520 478520
5340 5432871 4954351 478520 478520
5350 5432871 4954351 478520 478520
5360 5432871 4954351 478520 478520
5370 5432871 4954351 478520 478520
5380 5432871 4954351 478520 478520
5390 5432871 4954351 478520 478520
5400 5432871 4954351 478520 478520
5410 5432871 4954351 478520 478520
5420 5432871 4954351 478520 478520
5430 5432871 4954351 478520 478520
5440 5432871 4954351 478520 478520
5450 5432871 4954351 478520 478520
5460 5432871 4954351 478520 478520
5470 5432871 4954351 478520 478520
5480 5432871 4954351 478520 478520
5490 5432871 4954351 478520 478520
5500 5432871 4954351 478520 478520
5510 5432871 4954351 478520 478520
5520 5432871 4954351 478520 478520
5530 5432871 4954351 478520 478520
5540 5432871 4954351 478520 478520
5550 5432871 4954351 478520 478520
5560 5432871 4954351 478520 478520
5570 5432871 4954351 478520 478520
5580 5432871 4954351 478520 478520
5590 5432871 4954351 478520 478520
5600 5432871 4954351 478520 478520
5610 5432871 4954351 478520 478520
5620 5432871 4954351 478520 478520
5630 5432871 4954351 478520 478520
5640 5432871 4954351 478520 478520
5650 5432871 4954351 478520 478520
5660 5432871 4954351 478520 478520
5670 5432871 4954351 478520 478520
5680 5432871 4954351 478520 478520
5690 5432871 4954351 478520 478520
5700 5432871 4954351 478520 478520
5710 5432871 4954351 478520 478520
5720 5432871 4954351 478520 478520
5730 5432871 4954351 478520 478520
5740 5432871 4954351 478520 478520
5750 5432871 4954351 478520 478520
5760 5432871 4954351 478520 478520
5770 5432871 4954351 478520 478520
5780 5432871 4954351 478520 478520
5790 5432871 4954351 478520 478520
5800 5432871 4954351 478520 478520
5810 5432871 4954351 478520 478520
5820 5432871 4954351 478520 478520
5830 5432871 4954351 478520 478520
5840 5432871 4954351 478520 478520
5850 5432871 4954351 478520 478520
5860 5432871 4954351 478520 478520
5870 5432871 4954351 478520 478520
5880 5432871 4954351 478520 478520
5890 5432871 4954351 478520 478520
5900 5432871 4954351 478520 478520
5910 5432871 4954351 478520 478520
5920 5432871 4954351 478520 478520
5930 5432871 4954351 478520 478520
5940 5432871 4954351 478520 478520
5950 5432871 4954351 478520 478520
5960 5432871 4954351 478520 478520
5970 5432871 4954351 478520 478520
5980 5432871 4954351 478520 478520
5990 5432871 4954351 478520 478520
6000 5432871 4954351 478520 478520
6010 5432871 4954351 478520 478520
6020 5432871 4954351 478520 478520
6030 5432871 4954351 478520 478520
6040 5432871 4954351 478520 478520
6050 5432871 4954351 478520 478520
6060 5432871 4954351 478520 478520
6070 5432871 4954351 478520 478520
6080 5432871 4954351 478520 478520
6090 5432871 4954351 478520 478520
6100 5432871 4954351 478520 478520
6110 5432871 4954351 478520 478520
6120 5432871 4954351 478520 478520
6130 5432871 4954351 478520 478520
6140 5432871 4954351 478520 478520
6150 5432871 4954351 478520 478520
6160 5432871 4954351 478520 478520
6170 5432871 4954351 478520 478520
6180 5432871 4954351 478520 478520
6190 5432871 4954351 478520 478520
6200 5432871 4954351 478520 478520
6210 5432871 4954351 478520 478520
6220 5432871 4954351 478520 478520
6230 5432871 4954351 478520 478520
6240 5432871 4954351 478520 478520
6250 5432871 4954351 478520 478520
6260 5432871 4954351 478520 478520
6270 5432871 4954351 478520 478520
6280 5432871 4954351 478520 478520
6290 5432871 4954351 478520 478520
6300 5432871 4954351 478520 478520
6310 5432871 4954351 478520 478520
6320 5432871 4954351 478520 478520
6330 5432871 4954351 478520 478520
6340 5432871 4954351 478520 478520
6350 5432871 4954351 478520 478520
6360 5432871 4954351 478520 478520
6370 5432871 4954351 478520 478520
6380 5432871 4954351 478520 478520
6390 5432871 4954351 478520 478520
6400 5432871 4954351 478520 478520
6410 5432871 4954351 478520 478520
6420 5432871 4954351 478520 478520
6430 5432871 4954351 478520 478520
6440 5432871 4954351 478520 478520
6450 5432871 4954351 478520 478520
6460 5432871 4954351 478520 478520
6470 5432871 4954351 478520 478520
6480 5432871 4954351 478520 478520
6490 5432871 4954351 478520 478520
6500 5432871 4954351 478520 478520
6510 5432871 4954351 478520 478520
6520 5432871 4954351 478520 478520
6530 5432871 4954351 478520 478520
6540 5432871 4954351 478520 478520
6550 5432871 4954351 478520 478520
6560 5432871 4954351 478520 478520
6570 5432871 4954351 478520 478520
6580 5432871 4954351 478520 478520
6590 5432871 4954351 478520 478520
6600 5432871 4954351 478520 478520
6610 5432871 4954351 478520 478520
6620 5432871 4954351 478520 478520
6630 5432871 4954351 478520 478520
6640 5432871 4954351 478520 478520
6650 5432871 4954351 478520 478520
6660 5432871 4954351 478520 478520
6670 5432871 4954351 478520 478520
6680 5432871 4954351 478520 478520
6690 5432871 4954351 478520 478520
6700 5432871 4954351 478520 478520
6710 5432871 4954351 478520 478520
6720 5432871 4954351 478520 478520
6730 5432871 4954351 478520 478520
6740 5432871 4954351 478520 478520
6750 5432871 4954351 478520 478520
6760 5432871 4954351 478520 478520
6770 5432871 4954351 478520 478520
6780 5432871 4954351 478520 478520
6790 5432871 4954351 478520 478520
6800 5432871 4954351 478520 478520
6810 5432871 4954351 478520 478520
6820 5432871 4954351 478520 478520
6830 5432871 4954351 478520 478520
6840 5432871 4954351 478520 478520
6850 5432871 4954351 478520 478520
6860 5432871 4954351 478520 478520
6870 5432871 4954351 478520 478520
6880 5432871 4954351 478520 478520
6890 5432871 4954351 478520 478520
6900 5432871 4954351 478520 478520
6910 5432871 4954351 478520 478520
6920 5432871 4954351 478520 478520
6930 5432871 4954351 478520 478520
6940 5432871 4954351 478520 478520
6950 5432871 4954351 478520 478520
6960 5432871 4954351 478520 478520
6970 5432871 4954351 478520 478520
6980 5432871 4954351 478520 478520
6990 5432871 4954351 478520 478520
7000 5432871 4954351 478520 478520
7010 5432871 4954351 478520 478520
7020 5432871 4954351 478520 478520
7030 5432871 4954351 478520 478520
7040 5432871 4954351 478520 478520
7050 5432871 4954351 478520 478520
7060 5432871 4954351 478520 478520
7070 5432871 4954351 478520 478520
7080 5432871 4954351 478520 478520
7090 5432871 4954351 478520 478520
7100 5432871 4954351 478520 478520
7110 5432871 4954351 478520 478520
7120 5432871 4954351 478520 478520
7130 5432871 4954351 478520 478520
7140 5432871 4954351 478520 478520
7150 5432871 4954351 478520 478520
7160 5432871 4954351 478520 478520
7170 5432871 4954351 478520 478520
7180 5432871 4954351 478520 478520
7190 5432871 4954351 478520 478520
7200 5432871 4954351 478520 478520
7210 5432871 4954351 478520 478520
7220 5432871 4954351 478520 478520
7230 5432871 4954351 478520 478520
7240 5432871 4954351 478520 478520
7250 5432871 4954351 478520 478520
7260 5432871 4954351 478520 478520
7270 5432871 4954351 478520 478520
7280 5432871 4954351 478520 478520
7290 5432871 4954351 478520 478520
7300 5432871 4954351 478520 478520
7310 5432871 4954351 478520 478520
7320 5432871 4954351 478520 478520
7330 5432871 4954351 478520 478520
7340 5432871 4954351 478520 478520
7350 5432871 4954351 478520 478520
7360 5432871 4954351 478520 478520
7370 5432871 4954351 478520 478520
7380 5432871 4954351 478520 478520
7390 5432871 4954351 478520 478520
7400 5432871 4954351 478520 478520
7410 5432871 4954351 478520 478520
7420 5432871 4954351 478520 478520
7430 5432871 4954351 478520 478520
7440 5432871 4954351 478520 478520
7450 5432871 4954351 478520 478520
7460 5432871 4954351 478520 478520
7470 5432871 4954351 478520 478520
7480 5432871 4954351 478520 478520
7490 5432871 4954351 478520 478520
7500 5432871 4954351 478520 478520
7510 5432871 4954351 478520 478520
7520 5432871 4954351 478520 478520
7530 5432871 4954351 478520 478520
7540 5432871 4954351 478520 478520
7550 5432871 4954351 478520 478520
7560 5432871 4954351 478520 478520
7570 5432871 4954351 478520 478520
7580 5432871 4954351 478520 478520
7590 5432871 4954351 478520 478520
7600 5432871 4954351 478520 478520
7610 5432871 4954351 478520 478520
7620 5432871 4954351 478520 478520
7630 5432871 4954351 478520 478520
7640 5432871 4954351 478520 478520
7650 5432871 4954351 478520 478520
7660 5432871 4954351 478520 478520
7670 5432871 4954351 478520 478520
7680 5432871 4954351 478520 478520
7690 5432871 4954351 478520 478520
7700 5432871 4954351 478520 478520
7710 5432871 4954351 478520 478520
7720 5432871 4954351 478520 478520
7730 5432871 4954351 478520 478520
7740 5432871 4954351 478520 478520
7750 5432871 4954351 478520 478520
7760 5432871 4954351 478520 478520
7770 5432871 4954351 478520 478520
7780 5432871 4954351 478520 478520
7790 5432871 4954351 478520 478520
7800 5432871 4954351 478520 478520
7810 5432871 4954351 478520 478520
7820 5432871 4954351 478520 478520
7830 5432871 4954351 478520 478520
7840 5432871 4954351 478520 478520
7850 5432871 4954351 478520 478520
7860 5432871 4954351 478520 478520
7870 5432871 4954351 478520 478520
7880 5432871 4954351 478520 478520
7890 5432871 4954351 478520 478520
7900 5432871 4954351 478520 478520
7910 5432871 4954351 478520 478520
7920 5432871 4954351 478520 478520
7930 5432871 4954351 478520 478520
7940 5432871 4954351 478520 478520
7950 5432871 4954351 478520 478520
7960 5432871 4954351 478520 478520
7970 5432871 4954351 478520 478520
7980 5432871 4954351 478520 478520
7990 5432871 4954351 478520 478520
8000 5432871 4954351 478520 478520
8010 5432871 4954351 478520 478520
8020 5432871 4954351 478520 478520
8030 5432871 4954351 478520 478520
8040 5432871 4954351 478520 478520
8050 5432871 4954351 478520 478520
8060 5432871 4954351 478520 478520
8070 5432871 4954351 478520 478520
8080 5432871 4954351 478520 478520
8090 5432871 4954351 478520 478520
8100 5432871 4954351 478520 478520
8110 5432871 4954351 478520 478520
8120 5432871 4954351 478520 478520
8130 5432871 4954351 478520 478520
8140 5432871 4954351 478520 478520
8150 5432871 4954351 478520 478520
8160 5432871 4954351 478520 478520
8170 5432871 4954351 478520 478520
8180 5432871 4954351 478520 478520
8190 5432871 4954351 478520 478520
8200 5432871 4954351 478520 478520
8210 5432871 4954351 478520 478520
8220 5432871 4954351 478520 478520
8230 5432871 4954351 478520 478520
8240 5432871 4954351 478520 478520
8250 5432871 4954351 478520 478520
8260 5432871 4954351 478520 478520
8270 5432871 4954351 478520 478520
8280 5432871 4954351 478520 478520
8290 5432871 4954351 478520 478520
8300 5432871 4954351 478520 478520
8310 5432871 4954351 478520 478520
8320 5432871 4954351 478520 478520
8330 5432871 4954351 478520 478520
8340 5432871 4954351 478520 478520
8350 5432871 4954351 478520 478520
8360 5432871 4954351 478520 478520
8370 5432871 4954351 478520 478520
8380 5432871 4954351 478520 478520
8390 5432871 4954351 478520 478520
8400 5432871 4954351 478520 478520
8410 5432871 4954351 478520 478520
8420 5432871 4954351 478520 478520
8430 5432871 4954351 478520 478520
8440 5432871 4954351 478520 478520
8450 5432871 4954351 478520 478520
8460 5432871 4954351 478520 478520
8470 5432871 4954351 478520 478520
8480 5432871 4954351 478520 478520
8490 5432871 4954351 478520 478520
8500 5432871 4954351 478520 478520
8510 5432871 4954351 478520 478520
8520 5432871 4954351 478520 478520
8530 5432871 4954351 478520 478520
8540 5432871 4954351 478520 478520
8550 5432871 4954351 478520 478520
8560 5432871 4954351 478520 478520
8570 5432871 4954351 478520 478520
8580 5432871 4954351 478520 478520
8590 5432871 4954351 478520 478520
8600 5432871 4954351 478520 478520
8610 5432871 4954351 478520 478520
8620 5432871 4954351 478520 478520
8630 5432871 4954351 478520 478520
8640 5432871 4954351 478520 478520
8650 5432871 4954351 478520 478520
8660 5432871 4954351 478520 478520
8670 5432871 4954351 478520 478520
8680 5432871 4954351 478520 478520
8690 5432871 4954351 478520 478520
8700 5432871 4954351 478520 478520
8710 5432871 4954351 478520 478520
8720 5432871 4954351 478520 478520
8730 5432871 4954351 478520 478520
8740 5432871 4954351 478520 478520
8750 5432871 4954351 478520 478520
8760 5432871 4954351 478520 478520
8770 5432871 4954351 478520 478520
8780 5432871 4954351 478520 478520
8790 5432871 4954351 478520 478520
8800 5432871 4954351 478520 478520
8810 5432871 4954351 478520 478520
8820 5432871 4954351 478520 478520
8830 5432871 4954351 478520 478520
8840 5432871 4954351 478520 478520
8850 5432871 4954351 478520 478520
8860 5432871 4954351 478520 478520
8870 5432871 4954351 478520 478520
8880 5432871 4954351 478520 478520
8890 5432871 4954351 478520 478520
8900 5432871 4954351 478520 478520
8910 5432871 4954351 478520 478520
8920 5432871 4954351 478520 478520
8930 5432871 4954351 478520 478520
8940 5432871 4954351 478520 478520
8950 5432871 4954351 478520 478520
8960 5432871 4954351 478520 478520
8970 5432871 4954351 478520 478520
8980 5432871 4954351 478520 478520
8990 5432871 4954351 478520 478520
9000 5432871 4954351 478520 478520
9010 5432871 4954351 478520 478520
9020 5432871 4954351 478520 478520
9030 5432871 4954351 478520 478520
9040 5432871 4954351 478520 478520
9050 5432871 4954351 478520 478520
9060 5432871 4954351 478520 478520
9070 5432871 4954351 478520 478520
9080 5432871 4954351 478520 478520
9090 5432871 4954351 478520 478520
9100 5432871 4954351 478520 478520
9110 5432871 4954351 478520 478520
9120 5432871 4954351 478520 478520
9130 5432871 4954351 478520 478520
9140 5432871 4954351 478520 478520
9150 5432871 4954351 478520 478520
9160 5432871 4954351 478520 478520
9170 5432871 4954351 478520 478520
9180 5432871 4954351 478520 478520
9190 5432871 4954351 478520 478520
9200 5432871 4954351 478520 478520
9210 5432871 4954351 478520 478520
9220 5432871 4954351 478520 478520
9230 5432871 4954351 478520 478520
9240 5432871 4954351 478520 478520
9250 5432871 4954351 478520 478520
9260 5432871 4954351 478520 478520
9270 5432871 4954351 478520 478520
9280 5432871 4954351 478520 478520
9290 5432871 4954351 478520 478520
9300 5432871 4954351 478520 478520
9310 5432871 4954351 478520 478520
9320 5432871 4954351 478520 478520
9330 5432871 4954351 478520 478520
9340 5432871 4954351 478520 478520
9350 5432871 4954351 478520 478520
9360 5432871 4954351 478520 478520
9370 5432871 4954351 478520 478520
9380 5432871 4954351 478520 478520
9390 5432871 4954351 478520 478520
9400 5432871 4954351 478520 478520
9410 5432871 4954351 478520 478520
9420 5432871 4954351 478520 478520
9430 5432871 4954351 478520 478520
9440 5432871 4954351 478520 478520
9450 5432871 4954351 478520 478520
9460 5432871 4954351 478520 478520
9470 5432871 4954351 478520 478520
9480 5432871 4954351 478520 478520
9490 5432871 4954351 478520 478520
9500 5432871 4954351 478520 478520
9510 5432871 4954351 478520 478520
9520 5432871 4954351 478520 478520
9530 5432871 4954351 478520 478520
9540 5432871 4954351 478520 478520
9550 5432871 4954351 478520 478520
9560 5432871 4954351 478520 478520
9570 5432871 4954351 478520 478520
9580 5432871 4954351 478520 478520
9590 5432871 4954351 478520 478520
9600 5432871 4954351 478520 478520
9610 5432871 4954351 478520 478520
9620 5432871 4954351 478520 478520
9630 5432871 4954351 478520 478520
9640 5432871 4954351 478520 478520
9650 5432871 4954351 478520 478520
9660 5432871 4954351 478520 478520
9670 5432871 4954351 478520 478520
9680 5432871 4954351 478520 478520
9690 5432871 4954351 478520 478520
9700 5432871 4954351 478520 478520
9710 5432871 4954351 478520 478520
9720 5432871 4954351 478520 478520
9730 5432871 4954351 478520 478520
9740 5432871 4954351 478520 478520
9750 5432871 4954351 478520 478520
9760 5432871 4954351 478520 478520
9770 5432871 4954351 478520 478520
9780 5432871 4954351 478520 478520
9790 5432871 4954351 478520 478520
9800 5432871 4954351 478520 478520
9810 5432871 4954351 478520 478520
9820 5432871 4954351 478520 478520
9830 5432871 4954351 478520 478520
9840 5432871 4954351 478520 478520
9850 5432871 4954351 478520 478520
9860 5432871 4954351 478520 478520
9870 5432871 4954351 478520 478520
9880 5432871 4954351 478520 478520
9890 5432871 4954351 478520 478520
9900 5432871 4954351 478520 478520
9910 5432871 4954351 478520 478520
9920 5432871 4954351 478520 478520
9930 5432871 4954351 478520 478520
9940 5432871 4954351 478520 478520
9950 5432871 4954351 478520 478520
9960 5432871 4954351 478520 478520
9970 5432871 4954351 478520 478520
9980 5432871 4954351 478520 478520
9990 5432871 4954351 478520 478520
10000 5432871 4954351 478520 478520
10010 5432871 4954351 478520 478520
10020 5432871 4954351 478520 478520
10030 5432871 4954351 478520 478520
10040 5432871 4954351 478520 478520
10050 5432871 4954351 478520 478520
10060 5432871 4954351 478520 478520
10070 5432871 4954351 478520 478520
10080 5432871 4954351 478520 478520
10090 5432871 4954351 478520 478520
10100 5432871 4954351 478520 478520
10110 5432871 4954351 478520 478520
10120 5432871 4954351 478520 478520
10130 5432871 4954351 478520 478520
10140 5432871 4954351 478520 478520
10150 5432871 4954351 478520 478520
10160 5432871 4954351 478520 478520
10170 5432871 4954351 478520 478520
10180 5432871 4954351 478520 478520
10190 5432871 4954351 478520 478520
10200 5432871 4954351 478520 478520
10210 5432871 4954351 478520 478520
10220 5432871 4954351 478520 478520
10230 5432871 4954351 478520 478520
10240 5432871 4954351 478520 478520
10250 5432871 4954351 478520 478520
10260 5432871 4954351 478520 478520
10270 5432871 4954351 478520 478520
10280 5432871 4954351 478520 478520
10290 5432871 4954351 478520 478520
10300 5432871 4954351 478520 478520
10310 5432871 4954351 478520 478520
10320 5432871 4954351 478520 478520
10330 5432871 4954351 478520 478520
10340 5432871 4954351 478520 478520
10350 5432871 4954351 478520 478520
10360 5432871 4954351 478520 478520
10370 5432871 4954351 478520 478520
10380 5432871 4954351 478520 478520
10390 5432871 4954351 478520 478520
10400 5432871 4954351 478520 478520
10410 5432871 4954351 478520 478520
10420 5432871 4954351 478520 478520
10430 5432871 4954351 478520 478520
10440 5432871 4954351 478520 478520
10450 5432871 4954351 478520 478520
10460 5432871 4954351 478520 478520
10470 5432871 4954351 478520 478520
10480 5432871 4954351 478520 478520
10490 5432871 4954351 478520 478520
10500 5432871 4954351 478520 478520
10510 5432871 4954351 478520 478520
10520 5432871 4954351 478520 478520
10530 5432871 4954351 478520 478520
10540 5432871 4954351 478520 478520
10550 5432871 4954351 478520 478520
10560 5432871 4954351 478520 478520
10570 5432871 4954351 478520 478520
10580 5432871 4954351 478520 478520
10590 5432871 4954351 478520 478520
10600 5432871 4954351 478520 478520
10610 5432871 4954351 478520 478520
10620 5432871 4954351 478520 478520
10630 5432871 4954351 478520 478520
10640 5432871 4954351 478520 478520
10650 5432871 4954351 478520 478520
10660 5432871 4954351 478520 478520
10670 5432871 4954351 478520 478520
10680 5432871 4954351 478520 478520
10690 5432871 4954351 478520 478520
10700 5432871 4954351 478520 478520
10710 5432871 4954351 478520 478520
10720 5432871 4954351 478520 478520
10730 5432871 4954351 478520 478520
10740 5432871 4954351 478520 478520
10750 5432871 4954351 478520 478520
10760 5432871 4954351 478520 478520
10770 5432871 4954351 478520 478520
10780 5432871 4954351 478520 478520
10790 5432871 4954351 478520 478520
10800 5432871 4954351 478520 478520
10810 5432871 4954351 478520 478520
10820 5432871 4954351 478520 478520
10830 5432871 4954351 478520 478520
10840 5432871 4954351 478520 478520
10850 5432871 4954351 478520 478520
10860 5432871 4954351 478520 478520
10870 5432871 4954351 478520 478520
10880 5432871 4954351 478520 478520
10890 5432871 4954351 478520 478520
10900 5432871 4954351 478520 478520
10910 5432871 4954351 478520 478520
10920 5432871 4954351 478520 478520
10930 5432871 4954351 478520 478520
10940 5432871 4954351 478520 478520
10950 5432871 4954351 478520 478520
10960 5432871 4954351 478520 478520
10970 5432871 4954351 478520 478520
10980 5432871 4954351 478520 478520
10990 5432871 4954351 478520 478520
11000 5432871 4954351 478520 478520
11010 5432871 4954351 478520 478520
11020 5432871 4954351 478520 478520
11030 5432871 4954351 478520 478520
11040 5432871 4954351 478520 478520
11050 5432871 4954351 478520 478520
11060 5432871 4954351 478520 478520
11070 5432871 4954351 478520 478520
11080 5432871 4954351 478520 478520
11090 5432871 4954351 478520 478520
11100 5432871 4954351 478520 478520
11110 5432871 4954351 478520 478520
11120 5432871 4954351 478520 478520
11130 5432871 4954351 478520 478520
11140 5432871 4954351 478520 478520
11150 5432871 4954351 478520 478520
11160 5432871 4954351 478520 478520
11170 5432871 4954351 478520 478520
11180 5432871 4954351 478520 478520
11190 5432871 4954351 478520 478520
11200 5432871 4954351 478520 478520
11210 5432871 4954351 478520 478520
11220 5432871 4954351 478520 478520
11230 5432871 4954351 478520 478520
11240 5432871 4954351 478520 478520
11250 5432871 4954351 478520 478520
11260 5432871 4954351 478520 478520
11270 5432871 4954351 478520 478520
11280 5432871 4954351 478520 478520
11290 5432871 4954351 478520 478520
11300 5432871 4954351 478520 478520
11310 5432871 4954351 478520 478520
11320 5432871 4954351 478520 478520
11330 5432871 4954351 478520 478520
11340 5432871 4954351 478520 478520
11350 5432871 4954351 478520 478520
11360 5432871 4954351 478520 478520
11370 5432871 4954351 478520 478520
11380 5432871 4954351 478520 478520
11390 5432871 4954351 478520 478520
11400 5432871 4954351 478520 478520
11410 5432871 4954351 478520 478520
11420 5432871 4954351 478520 478520
11430 5432871 4954351 478520 478520
11440 5432871 4954351 478520 478520
11450 5432871 4954351 478520 478520
11460 5432871 4954351 478520 478520
11470 5432871 4954351 478520 478520
11480 5432871 4954351 478520 478520
11490 5432871 4954351 478520 478520
11500 5432871 4954351 478520 478520
11510 5432871 4954351 478520 478520
11520 5432871 4954351 478520 478520
11530 5432871 4954351 478520 478520
11540 5432871 4954351 478520 478520
11550 5432871 4954351 478520 478520
11560 5432871 4954351 478520 478520
11570 5432871 4954351 478520 478520
11580 5432871 4954351 478520 478520
11590 5432871 4954351 478520 478520
11600 5432871 4954351 478520 478520
11610 5432871 4954351 478520 478520
11620 5432871 4954351 478520 478520
11630 5432871 4954351 478520 478520
11640 5432871 4954351 478520 478520
11650 5432871 4954351 478520 478520
11660 5432871 4954351 478520 478520
11670 5432871 4954351 478520 478520
11680 5432871 4954351 478520 478520
11690 5432871 4954351 478520 478520
11700 5432871 4954351 478520 478520
11710 5432871 4954351 478520 478520
11720 5432871 4954351 478520 478520
11730 5432871 4954351 478520 478520
11740 5432871 4954351 478520 478520
11750 5432871 4954351 478520 478520
11760 5432871 4954351 478520 478520
11770 5432871 4954351 478520 478520
11780 5432871 4954351 478520 478520
11790 5432871 4954351 478520 478520
11800 5432871 4954351 478520 478520
11810 5432871 4954351 478520 478520
11820 5432871 4954351 478520 478520
11830 5432871 4954351 478520 478520
11840 5432871 4954351 478520 478520
11850 5432871 4954351 478520 478520
11860 5432871 4954351 478520 478520
11870 5432871 4954351 478520 478520
11880 5432871 4954351 478520 478520
11890 5432871 4954351 478520 478520
11900 5432871 4954351 478520 478520
11910 5432871 4954351 478520 478520
11920 5432871 4954351 478520 478520
11930 5432871 4954351 478520 478520
11940 5432871 4954351 478520 478520
11950 5432871 4954351 478520 478520
11960 5432871 4954351 478520 478520
11970 5432871 4954351 478520 478520
11980 5432871 4954351 478520 478520
11990 5432871 4954351 478520 478520
12000 5432871 4954351 478520 478520
12010 5432871 4954351 478520 478520
12020 5432871 4954351 478520 478520
12030 5432871 4954351 478520 478520
12040 5432871 4954351 478520 478520
12050 5432871 4954351 478520 478520
12060 5432871 4954351 478520 478520
12070 5432871 4954351 478520 478520
12080 5432871 4954351 478520 478520
12090 5432871 4954351 478520 478520
12100 5432871 4954351 478520 478520
12110 5432871 4954351 478520 478520
12120 5432871 4954351 478520 478520
12130 5432871 4954351 478520 478520
12140 5432871 4954351 478520 478520
12150 5432871 4954351 478520 478520
12160 5432871 4954351 478520 478520
12170 5432871 4954351 478520 478520
12180 5432871 4954351 478520 478520
12190 5432871 4954351 478520 478520
12200 5432871 4954351 478520 478520
12210 5432871 4954351 478520 478520
12220 5432871 4954351 478520 478520
12230 5432871 4954351 478520 478520
12240 5432871 4954351 478520 478520
12250 5432871 4954351 478520 478520
12260 5432871 4954351 478520 478520
12270 5432871 4954351 478520 478520
12280 5432871 4954351 478520 478520
12290 5432871 4954351 478520 478520
12300 5432871 4954351 478520 478520
12310 5432871 4954351 478520 478520
12320 5432871 4954351 478520 478520
12330 5432871 4954351 478520 478520
12340 5432871 4954351 478520 478520
12350 5432871 4954351 478520 478520
12360 5432871 4954351 478520 478520
12370 5432871 4954351 478520 478520
12380 5432871 4954351 478520 478520
12390 5432871 4954351 478520 478520
12400 5432871 4954351 478520 478520
12410 5432871 4954351 478520 478520
12420 5432871 4954351 478520 478520
12430 5432871 4954351 478520 478520
12440 5432871 4954351 478520 478520
12450 5432871 4954351 478520 478520
12460 5432871 4954351 478520 478520
12470 5432871 4954351 478520 478520
12480 5432871 4954351 478520 478520
12490 5432871 4954351 478520 478520
12500 5432871 4954351 478520 478520
12510 5432871 4954351 478520 478520
12520 5432871 4954351 478520 478520
12530 5432871 4954351 478520 478520
12540 5432871 4954351 478520 478520
12550 5432871 4954351 478520 478520
12560 5432871 4954351 478520 478520
12570 5432871 4954351 478520 478520
12580 5432871 4954351 478520 478520
12590 5432871 4954351 478520 478520
12600 5432871 4954351 478520 478520
12610 5432871 4954351 478520 478520
12620 5432871 4954351 478520 478520
12630 5432871 4954351 478520 478520
12640 5432871 4954351 478520 478520
12650 5432871 4954351 478520 478520
12660 5432871 4954351 478520 478520
12670 5432871 4954351 478520 478520
12680 5432871 4954351 478520 478520
12690 5432871 4954351 478520 478520
12700 5432871 4954351 478520 478520
12710 5432871 4954351 478520 478520
12720 5432871 4954351 478520 478520
12730 5432871 4954351 478520 478520
12740 5432871 4954351 478520 478520
12750 5432871 4954351 478520 478520
12760 5432871 4954351 478520 478520
12770 5432871 4954351 478520 478520
12780 5432871 4954351 478520 478520
12790 5432871 4954351 478520 478520
12800 5432871 4954351 478520 478520
12810 5432871 4954351 478520 478520
12820 5432871 4954351 478520 478520
12830 5432871 4954351 478520 478520
12840 5432871 4954351 478520 478520
12850 5432871 4954351 478520 478520
12860 5432871 4954351 478520 478520
12870 5432871 4954351 478520 478520
12880 5432871 4954351 478520 478520
12890 5432871 4954351 478520 478520
12900 5432871 4954351 478520 478520
12910 5432871 4954351 478520 478520
12920 5432871 4954351 478520 478520
12930 5432871 4954351 478520 478520
12940 5432871 4954351 478520 478520
12950 5432871 4954351 478520 478520
12960 5432871 4954351 478520 478520
12970 5432871 4954351 478520 478520
12980 5432871 4954351 478520 478520
12990 5432871 4954351 478520 478520
13000 5432871 4954351 478520 478520
13010 5432871 4954351 478520 478520
13020 5432871 4954351 478520 478520
13030 5432871 4954351 478520 478520
13040 5432871 4954351 478520 478520
13050 5432871 4954351 478520 478520
13060 5432871 4954351 478520 478520
13070 5432871 4954351 478520 478520
13080 5432871 4954351 478520 478520
13090 5432871 4954351 478520 478520
13100 5432871 4954351 478520 478520
13110 5432871 4954351 478520 478520
13120 5432871 4954351 478520 478520
13130 5432871 4954351 478520 478520
13140 5432871 4954351 478520 478520
13150 5432871 4954351 478520 478520
13160 5432871 4954351 478520 478520
13170 5432871 4954351 478520 478520
13180 5432871 4954351 478520 478520
13190 5432871 4954351 478520 478520
13200 5432871 4954351 478520 478520
13210 5432871 4954351 478520 478520
13220 5432871 4954351 478520 478520
13230 5432871 4954351 478520 478520
13240 5432871 4954351 478520 478520
13250 5432871 4954351 478520 478520
13260 5432871 4954351 478520 478520
13270 5432871 4954351 478520 478520
13280 5432871 4954351 478520 478520
13290 5432871 4954351 478520 478520
13300 5432871 4954351 478520 478520
13310 5432871 4954351 478520 478520
13320 5432871 4954351 478520 478520
13330 5432871 4954351 478520 478520

