Optimal path [nodeId(time to the node):
17(0) -> 75(132) -> 61(126) -> 72(140) -> 33(132) -> 19(142) -> 95(126) -> 54(115) -> 73(147) -> 81(132) -> 58(124) -> 53(128) -> 69(149) -> 35(132) -> 4(115) -> 14(141) -> 84(127) -> 0(138) -> 97(145) -> 77(143) -> 99(140) -> 45(133) -> 89(134) -> 74(137) -> 20(137) -> 40(144) -> 48(118) -> 50(138) -> 11(137) -> 32(136) -> 23(126) -> 56(114) -> 42(135) -> 5(130) -> 59(131) -> 38(118) -> 6(138) -> 1(160) -> 64(145) -> 41(135) -> 57(133) -> 10(134) -> 65(139) -> 55(145) -> 82(127) -> 63(134) -> 24(119) -> 13(125) -> 21(135) -> 62(121) -> 18(140) -> 86(130) -> 66(130) -> 39(147) -> 12(134) -> 92(146) -> 83(125) -> 2(157) -> 22(125) -> 90(124) -> 29(151) -> 68(131) -> 3(138) -> 8(140) -> 87(113) -> 76(129) -> 27(124) -> 44(132) -> 91(131) -> 49(135) -> 43(135) -> 85(121) -> 16(123) -> 30(126) -> 36(133) -> 71(127) -> 31(141) -> 98(126) -> 70(118) -> 94(144) -> 52(117) -> 46(133) -> 51(141) -> 37(137) -> 7(121) -> 67(124) -> 88(156) -> 79(129) -> 34(144) -> 60(130) -> 9(126) -> 26(137) -> 80(131) -> 78(133) -> 25(126) -> 47(148) -> 93(125) -> 15(140) -> 28(140) -> 96(129)
Total time of delivery: 13175
The cost function value: 13175

Statistics at the end of simulation: 
Residents: 5432871
Illness cases: 5073597 --> [93.38703238122164%]
Healthy residents: 359274 --> [6.6129676187783595%]
Vaccinated residents359274 --> [6.6129676187783595%]

Statistics of each node: 
id residentsNumber illnessCases healthyResidents vaccinated
17 27216 1 27215 27215
75 26017 4 26013 26013
61 25643 19 25624 25624
72 90063 99 89964 89964
33 13135 456 12679 12679
19 87851 2352 85499 85499
95 71066 10085 60981 60981
54 69376 38077 31299 31299
73 49077 49077 0 0
81 89526 89526 0 0
58 16081 16081 0 0
53 61988 61988 0 0
69 66112 66112 0 0
35 96767 96767 0 0
4 56018 56018 0 0
14 81887 81887 0 0
84 70627 70627 0 0
0 59902 59902 0 0
97 86845 86845 0 0
77 28452 28452 0 0
99 28053 28053 0 0
45 46217 46217 0 0
89 68284 68284 0 0
74 81649 81649 0 0
20 48774 48774 0 0
40 31222 31222 0 0
48 13555 13555 0 0
50 30829 30829 0 0
11 84816 84816 0 0
32 59165 59165 0 0
23 20873 20873 0 0
56 80108 80108 0 0
42 68898 68898 0 0
5 15364 15364 0 0
59 83546 83546 0 0
38 33030 33030 0 0
6 12672 12672 0 0
1 49456 49456 0 0
64 22353 22353 0 0
41 91808 91808 0 0
57 39724 39724 0 0
10 95932 95932 0 0
65 70610 70610 0 0
55 88344 88344 0 0
82 15231 15231 0 0
63 51706 51706 0 0
24 37355 37355 0 0
13 61304 61304 0 0
21 82806 82806 0 0
62 19500 19500 0 0
18 16978 16978 0 0
86 26732 26732 0 0
66 26230 26230 0 0
39 32804 32804 0 0
12 79926 79926 0 0
92 24523 24523 0 0
83 46841 46841 0 0
2 43074 43074 0 0
22 73621 73621 0 0
90 80008 80008 0 0
29 15814 15814 0 0
68 42462 42462 0 0
3 57882 57882 0 0
8 45160 45160 0 0
87 20655 20655 0 0
76 31382 31382 0 0
27 80174 80174 0 0
44 15573 15573 0 0
91 32862 32862 0 0
49 19584 19584 0 0
43 79446 79446 0 0
85 44972 44972 0 0
16 82700 82700 0 0
30 67192 67192 0 0
36 85682 85682 0 0
71 23666 23666 0 0
31 69146 69146 0 0
98 93006 93006 0 0
70 36163 36163 0 0
94 76894 76894 0 0
52 63153 63153 0 0
46 73816 73816 0 0
51 94699 94699 0 0
37 51694 51694 0 0
7 29243 29243 0 0
67 37842 37842 0 0
88 37474 37474 0 0
79 84379 84379 0 0
34 28894 28894 0 0
60 91794 91794 0 0
9 60305 60305 0 0
26 26605 26605 0 0
80 67722 67722 0 0
78 57716 57716 0 0
25 67586 67586 0 0
47 98952 98952 0 0
93 39916 39916 0 0
15 78003 78003 0 0
28 91749 91749 0 0
96 73344 73344 0 0

Statistics step by step: 
minute residentsNumber illnessCases healthyResidents vaccinated
0 5432871 100 5432771 27215
10 5432871 100 5432771 27215
20 5432871 100 5432771 27215
30 5432871 100 5432771 27215
40 5432871 100 5432771 27215
50 5432871 100 5432771 27215
60 5432871 199 5432672 27215
70 5432871 199 5432672 27215
80 5432871 199 5432672 27215
90 5432871 199 5432672 27215
100 5432871 298 5432573 27215
110 5432871 298 5432573 27215
120 5432871 397 5432474 27215
130 5432871 397 5432474 27215
140 5432871 495 5432376 53228
150 5432871 495 5432376 53228
160 5432871 593 5432278 53228
170 5432871 691 5432180 53228
180 5432871 789 5432082 53228
190 5432871 789 5432082 53228
200 5432871 985 5431886 53228
210 5432871 1083 5431788 53228
220 5432871 1181 5431690 53228
230 5432871 1377 5431494 53228
240 5432871 1573 5431298 53228
250 5432871 1671 5431200 53228
260 5432871 1964 5430907 78852
270 5432871 2158 5430713 78852
280 5432871 2449 5430422 78852
290 5432871 2740 5430131 78852
300 5432871 3128 5429743 78852
310 5432871 3419 5429452 78852
320 5432871 3904 5428967 78852
330 5432871 4389 5428482 78852
340 5432871 4874 5427997 78852
350 5432871 5553 5427318 78852
360 5432871 6232 5426639 78852
370 5432871 6911 5425960 78852
380 5432871 7784 5425087 78852
390 5432871 8754 5424117 78852
400 5432871 9819 5423052 168816
410 5432871 11067 5421804 168816
420 5432871 12411 5420460 168816
430 5432871 13851 5419020 168816
440 5432871 15579 5417292 168816
450 5432871 17499 5415372 168816
460 5432871 19611 5413260 168816
470 5432871 22011 5410860 168816
480 5432871 24699 5408172 168816
490 5432871 27675 5405196 168816
500 5432871 31035 5401836 168816
510 5432871 34875 5397996 168816
520 5432871 39099 5393772 168816
530 5432871 43899 5388972 181495
540 5432871 49219 5383652 181495
550 5432871 55109 5377762 181495
560 5432871 61854 5371017 181495
570 5432871 69359 5363512 181495
580 5432871 77719 5355152 181495
590 5432871 87219 5345652 181495
600 5432871 97859 5335012 181495
610 5432871 109734 5323137 181495
620 5432871 123129 5309742 181495
630 5432871 138139 5294732 181495
640 5432871 154954 5277917 181495
650 5432871 173859 5259012 181495
660 5432871 195139 5237732 181495
670 5432871 218889 5213982 181495
680 5432871 245451 5187420 266994
690 5432871 275155 5157716 266994
700 5432871 308431 5124440 266994
710 5432871 345937 5086934 266994
720 5432871 387955 5044916 266994
730 5432871 435049 4997822 266994
740 5432871 487971 4944900 266994
750 5432871 547379 4885492 266994
760 5432871 614025 4818846 266994
770 5432871 688943 4743928 266994
780 5432871 772979 4659892 266994
790 5432871 867261 4565610 266994
800 5432871 972869 4460002 327975
810 5432871 1090421 4342450 327975
820 5432871 1221964 4210907 327975
830 5432871 1367479 4065392 327975
840 5432871 1526330 3906541 327975
850 5432871 1697434 3735437 327975
860 5432871 1886654 3546217 327975
870 5432871 2090849 3342022 327975
880 5432871 2313984 3118887 327975
890 5432871 2552228 2880643 327975
900 5432871 2801304 2631567 327975
910 5432871 3061859 2371012 327975
920 5432871 3332857 2100014 359274
930 5432871 3616232 1816639 359274
940 5432871 3902465 1530406 359274
950 5432871 4198316 1234555 359274
960 5432871 4485561 947310 359274
970 5432871 4744422 688449 359274
980 5432871 4953936 478935 359274
990 5432871 5057646 375225 359274
1000 5432871 5073597 359274 359274
1010 5432871 5073597 359274 359274
1020 5432871 5073597 359274 359274
1030 5432871 5073597 359274 359274
1040 5432871 5073597 359274 359274
1050 5432871 5073597 359274 359274
1060 5432871 5073597 359274 359274
1070 5432871 5073597 359274 359274
1080 5432871 5073597 359274 359274
1090 5432871 5073597 359274 359274
1100 5432871 5073597 359274 359274
1110 5432871 5073597 359274 359274
1120 5432871 5073597 359274 359274
1130 5432871 5073597 359274 359274
1140 5432871 5073597 359274 359274
1150 5432871 5073597 359274 359274
1160 5432871 5073597 359274 359274
1170 5432871 5073597 359274 359274
1180 5432871 5073597 359274 359274
1190 5432871 5073597 359274 359274
1200 5432871 5073597 359274 359274
1210 5432871 5073597 359274 359274
1220 5432871 5073597 359274 359274
1230 5432871 5073597 359274 359274
1240 5432871 5073597 359274 359274
1250 5432871 5073597 359274 359274
1260 5432871 5073597 359274 359274
1270 5432871 5073597 359274 359274
1280 5432871 5073597 359274 359274
1290 5432871 5073597 359274 359274
1300 5432871 5073597 359274 359274
1310 5432871 5073597 359274 359274
1320 5432871 5073597 359274 359274
1330 5432871 5073597 359274 359274
1340 5432871 5073597 359274 359274
1350 5432871 5073597 359274 359274
1360 5432871 5073597 359274 359274
1370 5432871 5073597 359274 359274
1380 5432871 5073597 359274 359274
1390 5432871 5073597 359274 359274
1400 5432871 5073597 359274 359274
1410 5432871 5073597 359274 359274
1420 5432871 5073597 359274 359274
1430 5432871 5073597 359274 359274
1440 5432871 5073597 359274 359274
1450 5432871 5073597 359274 359274
1460 5432871 5073597 359274 359274
1470 5432871 5073597 359274 359274
1480 5432871 5073597 359274 359274
1490 5432871 5073597 359274 359274
1500 5432871 5073597 359274 359274
1510 5432871 5073597 359274 359274
1520 5432871 5073597 359274 359274
1530 5432871 5073597 359274 359274
1540 5432871 5073597 359274 359274
1550 5432871 5073597 359274 359274
1560 5432871 5073597 359274 359274
1570 5432871 5073597 359274 359274
1580 5432871 5073597 359274 359274
1590 5432871 5073597 359274 359274
1600 5432871 5073597 359274 359274
1610 5432871 5073597 359274 359274
1620 5432871 5073597 359274 359274
1630 5432871 5073597 359274 359274
1640 5432871 5073597 359274 359274
1650 5432871 5073597 359274 359274
1660 5432871 5073597 359274 359274
1670 5432871 5073597 359274 359274
1680 5432871 5073597 359274 359274
1690 5432871 5073597 359274 359274
1700 5432871 5073597 359274 359274
1710 5432871 5073597 359274 359274
1720 5432871 5073597 359274 359274
1730 5432871 5073597 359274 359274
1740 5432871 5073597 359274 359274
1750 5432871 5073597 359274 359274
1760 5432871 5073597 359274 359274
1770 5432871 5073597 359274 359274
1780 5432871 5073597 359274 359274
1790 5432871 5073597 359274 359274
1800 5432871 5073597 359274 359274
1810 5432871 5073597 359274 359274
1820 5432871 5073597 359274 359274
1830 5432871 5073597 359274 359274
1840 5432871 5073597 359274 359274
1850 5432871 5073597 359274 359274
1860 5432871 5073597 359274 359274
1870 5432871 5073597 359274 359274
1880 5432871 5073597 359274 359274
1890 5432871 5073597 359274 359274
1900 5432871 5073597 359274 359274
1910 5432871 5073597 359274 359274
1920 5432871 5073597 359274 359274
1930 5432871 5073597 359274 359274
1940 5432871 5073597 359274 359274
1950 5432871 5073597 359274 359274
1960 5432871 5073597 359274 359274
1970 5432871 5073597 359274 359274
1980 5432871 5073597 359274 359274
1990 5432871 5073597 359274 359274
2000 5432871 5073597 359274 359274
2010 5432871 5073597 359274 359274
2020 5432871 5073597 359274 359274
2030 5432871 5073597 359274 359274
2040 5432871 5073597 359274 359274
2050 5432871 5073597 359274 359274
2060 5432871 5073597 359274 359274
2070 5432871 5073597 359274 359274
2080 5432871 5073597 359274 359274
2090 5432871 5073597 359274 359274
2100 5432871 5073597 359274 359274
2110 5432871 5073597 359274 359274
2120 5432871 5073597 359274 359274
2130 5432871 5073597 359274 359274
2140 5432871 5073597 359274 359274
2150 5432871 5073597 359274 359274
2160 5432871 5073597 359274 359274
2170 5432871 5073597 359274 359274
2180 5432871 5073597 359274 359274
2190 5432871 5073597 359274 359274
2200 5432871 5073597 359274 359274
2210 5432871 5073597 359274 359274
2220 5432871 5073597 359274 359274
2230 5432871 5073597 359274 359274
2240 5432871 5073597 359274 359274
2250 5432871 5073597 359274 359274
2260 5432871 5073597 359274 359274
2270 5432871 5073597 359274 359274
2280 5432871 5073597 359274 359274
2290 5432871 5073597 359274 359274
2300 5432871 5073597 359274 359274
2310 5432871 5073597 359274 359274
2320 5432871 5073597 359274 359274
2330 5432871 5073597 359274 359274
2340 5432871 5073597 359274 359274
2350 5432871 5073597 359274 359274
2360 5432871 5073597 359274 359274
2370 5432871 5073597 359274 359274
2380 5432871 5073597 359274 359274
2390 5432871 5073597 359274 359274
2400 5432871 5073597 359274 359274
2410 5432871 5073597 359274 359274
2420 5432871 5073597 359274 359274
2430 5432871 5073597 359274 359274
2440 5432871 5073597 359274 359274
2450 5432871 5073597 359274 359274
2460 5432871 5073597 359274 359274
2470 5432871 5073597 359274 359274
2480 5432871 5073597 359274 359274
2490 5432871 5073597 359274 359274
2500 5432871 5073597 359274 359274
2510 5432871 5073597 359274 359274
2520 5432871 5073597 359274 359274
2530 5432871 5073597 359274 359274
2540 5432871 5073597 359274 359274
2550 5432871 5073597 359274 359274
2560 5432871 5073597 359274 359274
2570 5432871 5073597 359274 359274
2580 5432871 5073597 359274 359274
2590 5432871 5073597 359274 359274
2600 5432871 5073597 359274 359274
2610 5432871 5073597 359274 359274
2620 5432871 5073597 359274 359274
2630 5432871 5073597 359274 359274
2640 5432871 5073597 359274 359274
2650 5432871 5073597 359274 359274
2660 5432871 5073597 359274 359274
2670 5432871 5073597 359274 359274
2680 5432871 5073597 359274 359274
2690 5432871 5073597 359274 359274
2700 5432871 5073597 359274 359274
2710 5432871 5073597 359274 359274
2720 5432871 5073597 359274 359274
2730 5432871 5073597 359274 359274
2740 5432871 5073597 359274 359274
2750 5432871 5073597 359274 359274
2760 5432871 5073597 359274 359274
2770 5432871 5073597 359274 359274
2780 5432871 5073597 359274 359274
2790 5432871 5073597 359274 359274
2800 5432871 5073597 359274 359274
2810 5432871 5073597 359274 359274
2820 5432871 5073597 359274 359274
2830 5432871 5073597 359274 359274
2840 5432871 5073597 359274 359274
2850 5432871 5073597 359274 359274
2860 5432871 5073597 359274 359274
2870 5432871 5073597 359274 359274
2880 5432871 5073597 359274 359274
2890 5432871 5073597 359274 359274
2900 5432871 5073597 359274 359274
2910 5432871 5073597 359274 359274
2920 5432871 5073597 359274 359274
2930 5432871 5073597 359274 359274
2940 5432871 5073597 359274 359274
2950 5432871 5073597 359274 359274
2960 5432871 5073597 359274 359274
2970 5432871 5073597 359274 359274
2980 5432871 5073597 359274 359274
2990 5432871 5073597 359274 359274
3000 5432871 5073597 359274 359274
3010 5432871 5073597 359274 359274
3020 5432871 5073597 359274 359274
3030 5432871 5073597 359274 359274
3040 5432871 5073597 359274 359274
3050 5432871 5073597 359274 359274
3060 5432871 5073597 359274 359274
3070 5432871 5073597 359274 359274
3080 5432871 5073597 359274 359274
3090 5432871 5073597 359274 359274
3100 5432871 5073597 359274 359274
3110 5432871 5073597 359274 359274
3120 5432871 5073597 359274 359274
3130 5432871 5073597 359274 359274
3140 5432871 5073597 359274 359274
3150 5432871 5073597 359274 359274
3160 5432871 5073597 359274 359274
3170 5432871 5073597 359274 359274
3180 5432871 5073597 359274 359274
3190 5432871 5073597 359274 359274
3200 5432871 5073597 359274 359274
3210 5432871 5073597 359274 359274
3220 5432871 5073597 359274 359274
3230 5432871 5073597 359274 359274
3240 5432871 5073597 359274 359274
3250 5432871 5073597 359274 359274
3260 5432871 5073597 359274 359274
3270 5432871 5073597 359274 359274
3280 5432871 5073597 359274 359274
3290 5432871 5073597 359274 359274
3300 5432871 5073597 359274 359274
3310 5432871 5073597 359274 359274
3320 5432871 5073597 359274 359274
3330 5432871 5073597 359274 359274
3340 5432871 5073597 359274 359274
3350 5432871 5073597 359274 359274
3360 5432871 5073597 359274 359274
3370 5432871 5073597 359274 359274
3380 5432871 5073597 359274 359274
3390 5432871 5073597 359274 359274
3400 5432871 5073597 359274 359274
3410 5432871 5073597 359274 359274
3420 5432871 5073597 359274 359274
3430 5432871 5073597 359274 359274
3440 5432871 5073597 359274 359274
3450 5432871 5073597 359274 359274
3460 5432871 5073597 359274 359274
3470 5432871 5073597 359274 359274
3480 5432871 5073597 359274 359274
3490 5432871 5073597 359274 359274
3500 5432871 5073597 359274 359274
3510 5432871 5073597 359274 359274
3520 5432871 5073597 359274 359274
3530 5432871 5073597 359274 359274
3540 5432871 5073597 359274 359274
3550 5432871 5073597 359274 359274
3560 5432871 5073597 359274 359274
3570 5432871 5073597 359274 359274
3580 5432871 5073597 359274 359274
3590 5432871 5073597 359274 359274
3600 5432871 5073597 359274 359274
3610 5432871 5073597 359274 359274
3620 5432871 5073597 359274 359274
3630 5432871 5073597 359274 359274
3640 5432871 5073597 359274 359274
3650 5432871 5073597 359274 359274
3660 5432871 5073597 359274 359274
3670 5432871 5073597 359274 359274
3680 5432871 5073597 359274 359274
3690 5432871 5073597 359274 359274
3700 5432871 5073597 359274 359274
3710 5432871 5073597 359274 359274
3720 5432871 5073597 359274 359274
3730 5432871 5073597 359274 359274
3740 5432871 5073597 359274 359274
3750 5432871 5073597 359274 359274
3760 5432871 5073597 359274 359274
3770 5432871 5073597 359274 359274
3780 5432871 5073597 359274 359274
3790 5432871 5073597 359274 359274
3800 5432871 5073597 359274 359274
3810 5432871 5073597 359274 359274
3820 5432871 5073597 359274 359274
3830 5432871 5073597 359274 359274
3840 5432871 5073597 359274 359274
3850 5432871 5073597 359274 359274
3860 5432871 5073597 359274 359274
3870 5432871 5073597 359274 359274
3880 5432871 5073597 359274 359274
3890 5432871 5073597 359274 359274
3900 5432871 5073597 359274 359274
3910 5432871 5073597 359274 359274
3920 5432871 5073597 359274 359274
3930 5432871 5073597 359274 359274
3940 5432871 5073597 359274 359274
3950 5432871 5073597 359274 359274
3960 5432871 5073597 359274 359274
3970 5432871 5073597 359274 359274
3980 5432871 5073597 359274 359274
3990 5432871 5073597 359274 359274
4000 5432871 5073597 359274 359274
4010 5432871 5073597 359274 359274
4020 5432871 5073597 359274 359274
4030 5432871 5073597 359274 359274
4040 5432871 5073597 359274 359274
4050 5432871 5073597 359274 359274
4060 5432871 5073597 359274 359274
4070 5432871 5073597 359274 359274
4080 5432871 5073597 359274 359274
4090 5432871 5073597 359274 359274
4100 5432871 5073597 359274 359274
4110 5432871 5073597 359274 359274
4120 5432871 5073597 359274 359274
4130 5432871 5073597 359274 359274
4140 5432871 5073597 359274 359274
4150 5432871 5073597 359274 359274
4160 5432871 5073597 359274 359274
4170 5432871 5073597 359274 359274
4180 5432871 5073597 359274 359274
4190 5432871 5073597 359274 359274
4200 5432871 5073597 359274 359274
4210 5432871 5073597 359274 359274
4220 5432871 5073597 359274 359274
4230 5432871 5073597 359274 359274
4240 5432871 5073597 359274 359274
4250 5432871 5073597 359274 359274
4260 5432871 5073597 359274 359274
4270 5432871 5073597 359274 359274
4280 5432871 5073597 359274 359274
4290 5432871 5073597 359274 359274
4300 5432871 5073597 359274 359274
4310 5432871 5073597 359274 359274
4320 5432871 5073597 359274 359274
4330 5432871 5073597 359274 359274
4340 5432871 5073597 359274 359274
4350 5432871 5073597 359274 359274
4360 5432871 5073597 359274 359274
4370 5432871 5073597 359274 359274
4380 5432871 5073597 359274 359274
4390 5432871 5073597 359274 359274
4400 5432871 5073597 359274 359274
4410 5432871 5073597 359274 359274
4420 5432871 5073597 359274 359274
4430 5432871 5073597 359274 359274
4440 5432871 5073597 359274 359274
4450 5432871 5073597 359274 359274
4460 5432871 5073597 359274 359274
4470 5432871 5073597 359274 359274
4480 5432871 5073597 359274 359274
4490 5432871 5073597 359274 359274
4500 5432871 5073597 359274 359274
4510 5432871 5073597 359274 359274
4520 5432871 5073597 359274 359274
4530 5432871 5073597 359274 359274
4540 5432871 5073597 359274 359274
4550 5432871 5073597 359274 359274
4560 5432871 5073597 359274 359274
4570 5432871 5073597 359274 359274
4580 5432871 5073597 359274 359274
4590 5432871 5073597 359274 359274
4600 5432871 5073597 359274 359274
4610 5432871 5073597 359274 359274
4620 5432871 5073597 359274 359274
4630 5432871 5073597 359274 359274
4640 5432871 5073597 359274 359274
4650 5432871 5073597 359274 359274
4660 5432871 5073597 359274 359274
4670 5432871 5073597 359274 359274
4680 5432871 5073597 359274 359274
4690 5432871 5073597 359274 359274
4700 5432871 5073597 359274 359274
4710 5432871 5073597 359274 359274
4720 5432871 5073597 359274 359274
4730 5432871 5073597 359274 359274
4740 5432871 5073597 359274 359274
4750 5432871 5073597 359274 359274
4760 5432871 5073597 359274 359274
4770 5432871 5073597 359274 359274
4780 5432871 5073597 359274 359274
4790 5432871 5073597 359274 359274
4800 5432871 5073597 359274 359274
4810 5432871 5073597 359274 359274
4820 5432871 5073597 359274 359274
4830 5432871 5073597 359274 359274
4840 5432871 5073597 359274 359274
4850 5432871 5073597 359274 359274
4860 5432871 5073597 359274 359274
4870 5432871 5073597 359274 359274
4880 5432871 5073597 359274 359274
4890 5432871 5073597 359274 359274
4900 5432871 5073597 359274 359274
4910 5432871 5073597 359274 359274
4920 5432871 5073597 359274 359274
4930 5432871 5073597 359274 359274
4940 5432871 5073597 359274 359274
4950 5432871 5073597 359274 359274
4960 5432871 5073597 359274 359274
4970 5432871 5073597 359274 359274
4980 5432871 5073597 359274 359274
4990 5432871 5073597 359274 359274
5000 5432871 5073597 359274 359274
5010 5432871 5073597 359274 359274
5020 5432871 5073597 359274 359274
5030 5432871 5073597 359274 359274
5040 5432871 5073597 359274 359274
5050 5432871 5073597 359274 359274
5060 5432871 5073597 359274 359274
5070 5432871 5073597 359274 359274
5080 5432871 5073597 359274 359274
5090 5432871 5073597 359274 359274
5100 5432871 5073597 359274 359274
5110 5432871 5073597 359274 359274
5120 5432871 5073597 359274 359274
5130 5432871 5073597 359274 359274
5140 5432871 5073597 359274 359274
5150 5432871 5073597 359274 359274
5160 5432871 5073597 359274 359274
5170 5432871 5073597 359274 359274
5180 5432871 5073597 359274 359274
5190 5432871 5073597 359274 359274
5200 5432871 5073597 359274 359274
5210 5432871 5073597 359274 359274
5220 5432871 5073597 359274 359274
5230 5432871 5073597 359274 359274
5240 5432871 5073597 359274 359274
5250 5432871 5073597 359274 359274
5260 5432871 5073597 359274 359274
5270 5432871 5073597 359274 359274
5280 5432871 5073597 359274 359274
5290 5432871 5073597 359274 359274
5300 5432871 5073597 359274 359274
5310 5432871 5073597 359274 359274
5320 5432871 5073597 359274 359274
5330 5432871 5073597 359274 359274
5340 5432871 5073597 359274 359274
5350 5432871 5073597 359274 359274
5360 5432871 5073597 359274 359274
5370 5432871 5073597 359274 359274
5380 5432871 5073597 359274 359274
5390 5432871 5073597 359274 359274
5400 5432871 5073597 359274 359274
5410 5432871 5073597 359274 359274
5420 5432871 5073597 359274 359274
5430 5432871 5073597 359274 359274
5440 5432871 5073597 359274 359274
5450 5432871 5073597 359274 359274
5460 5432871 5073597 359274 359274
5470 5432871 5073597 359274 359274
5480 5432871 5073597 359274 359274
5490 5432871 5073597 359274 359274
5500 5432871 5073597 359274 359274
5510 5432871 5073597 359274 359274
5520 5432871 5073597 359274 359274
5530 5432871 5073597 359274 359274
5540 5432871 5073597 359274 359274
5550 5432871 5073597 359274 359274
5560 5432871 5073597 359274 359274
5570 5432871 5073597 359274 359274
5580 5432871 5073597 359274 359274
5590 5432871 5073597 359274 359274
5600 5432871 5073597 359274 359274
5610 5432871 5073597 359274 359274
5620 5432871 5073597 359274 359274
5630 5432871 5073597 359274 359274
5640 5432871 5073597 359274 359274
5650 5432871 5073597 359274 359274
5660 5432871 5073597 359274 359274
5670 5432871 5073597 359274 359274
5680 5432871 5073597 359274 359274
5690 5432871 5073597 359274 359274
5700 5432871 5073597 359274 359274
5710 5432871 5073597 359274 359274
5720 5432871 5073597 359274 359274
5730 5432871 5073597 359274 359274
5740 5432871 5073597 359274 359274
5750 5432871 5073597 359274 359274
5760 5432871 5073597 359274 359274
5770 5432871 5073597 359274 359274
5780 5432871 5073597 359274 359274
5790 5432871 5073597 359274 359274
5800 5432871 5073597 359274 359274
5810 5432871 5073597 359274 359274
5820 5432871 5073597 359274 359274
5830 5432871 5073597 359274 359274
5840 5432871 5073597 359274 359274
5850 5432871 5073597 359274 359274
5860 5432871 5073597 359274 359274
5870 5432871 5073597 359274 359274
5880 5432871 5073597 359274 359274
5890 5432871 5073597 359274 359274
5900 5432871 5073597 359274 359274
5910 5432871 5073597 359274 359274
5920 5432871 5073597 359274 359274
5930 5432871 5073597 359274 359274
5940 5432871 5073597 359274 359274
5950 5432871 5073597 359274 359274
5960 5432871 5073597 359274 359274
5970 5432871 5073597 359274 359274
5980 5432871 5073597 359274 359274
5990 5432871 5073597 359274 359274
6000 5432871 5073597 359274 359274
6010 5432871 5073597 359274 359274
6020 5432871 5073597 359274 359274
6030 5432871 5073597 359274 359274
6040 5432871 5073597 359274 359274
6050 5432871 5073597 359274 359274
6060 5432871 5073597 359274 359274
6070 5432871 5073597 359274 359274
6080 5432871 5073597 359274 359274
6090 5432871 5073597 359274 359274
6100 5432871 5073597 359274 359274
6110 5432871 5073597 359274 359274
6120 5432871 5073597 359274 359274
6130 5432871 5073597 359274 359274
6140 5432871 5073597 359274 359274
6150 5432871 5073597 359274 359274
6160 5432871 5073597 359274 359274
6170 5432871 5073597 359274 359274
6180 5432871 5073597 359274 359274
6190 5432871 5073597 359274 359274
6200 5432871 5073597 359274 359274
6210 5432871 5073597 359274 359274
6220 5432871 5073597 359274 359274
6230 5432871 5073597 359274 359274
6240 5432871 5073597 359274 359274
6250 5432871 5073597 359274 359274
6260 5432871 5073597 359274 359274
6270 5432871 5073597 359274 359274
6280 5432871 5073597 359274 359274
6290 5432871 5073597 359274 359274
6300 5432871 5073597 359274 359274
6310 5432871 5073597 359274 359274
6320 5432871 5073597 359274 359274
6330 5432871 5073597 359274 359274
6340 5432871 5073597 359274 359274
6350 5432871 5073597 359274 359274
6360 5432871 5073597 359274 359274
6370 5432871 5073597 359274 359274
6380 5432871 5073597 359274 359274
6390 5432871 5073597 359274 359274
6400 5432871 5073597 359274 359274
6410 5432871 5073597 359274 359274
6420 5432871 5073597 359274 359274
6430 5432871 5073597 359274 359274
6440 5432871 5073597 359274 359274
6450 5432871 5073597 359274 359274
6460 5432871 5073597 359274 359274
6470 5432871 5073597 359274 359274
6480 5432871 5073597 359274 359274
6490 5432871 5073597 359274 359274
6500 5432871 5073597 359274 359274
6510 5432871 5073597 359274 359274
6520 5432871 5073597 359274 359274
6530 5432871 5073597 359274 359274
6540 5432871 5073597 359274 359274
6550 5432871 5073597 359274 359274
6560 5432871 5073597 359274 359274
6570 5432871 5073597 359274 359274
6580 5432871 5073597 359274 359274
6590 5432871 5073597 359274 359274
6600 5432871 5073597 359274 359274
6610 5432871 5073597 359274 359274
6620 5432871 5073597 359274 359274
6630 5432871 5073597 359274 359274
6640 5432871 5073597 359274 359274
6650 5432871 5073597 359274 359274
6660 5432871 5073597 359274 359274
6670 5432871 5073597 359274 359274
6680 5432871 5073597 359274 359274
6690 5432871 5073597 359274 359274
6700 5432871 5073597 359274 359274
6710 5432871 5073597 359274 359274
6720 5432871 5073597 359274 359274
6730 5432871 5073597 359274 359274
6740 5432871 5073597 359274 359274
6750 5432871 5073597 359274 359274
6760 5432871 5073597 359274 359274
6770 5432871 5073597 359274 359274
6780 5432871 5073597 359274 359274
6790 5432871 5073597 359274 359274
6800 5432871 5073597 359274 359274
6810 5432871 5073597 359274 359274
6820 5432871 5073597 359274 359274
6830 5432871 5073597 359274 359274
6840 5432871 5073597 359274 359274
6850 5432871 5073597 359274 359274
6860 5432871 5073597 359274 359274
6870 5432871 5073597 359274 359274
6880 5432871 5073597 359274 359274
6890 5432871 5073597 359274 359274
6900 5432871 5073597 359274 359274
6910 5432871 5073597 359274 359274
6920 5432871 5073597 359274 359274
6930 5432871 5073597 359274 359274
6940 5432871 5073597 359274 359274
6950 5432871 5073597 359274 359274
6960 5432871 5073597 359274 359274
6970 5432871 5073597 359274 359274
6980 5432871 5073597 359274 359274
6990 5432871 5073597 359274 359274
7000 5432871 5073597 359274 359274
7010 5432871 5073597 359274 359274
7020 5432871 5073597 359274 359274
7030 5432871 5073597 359274 359274
7040 5432871 5073597 359274 359274
7050 5432871 5073597 359274 359274
7060 5432871 5073597 359274 359274
7070 5432871 5073597 359274 359274
7080 5432871 5073597 359274 359274
7090 5432871 5073597 359274 359274
7100 5432871 5073597 359274 359274
7110 5432871 5073597 359274 359274
7120 5432871 5073597 359274 359274
7130 5432871 5073597 359274 359274
7140 5432871 5073597 359274 359274
7150 5432871 5073597 359274 359274
7160 5432871 5073597 359274 359274
7170 5432871 5073597 359274 359274
7180 5432871 5073597 359274 359274
7190 5432871 5073597 359274 359274
7200 5432871 5073597 359274 359274
7210 5432871 5073597 359274 359274
7220 5432871 5073597 359274 359274
7230 5432871 5073597 359274 359274
7240 5432871 5073597 359274 359274
7250 5432871 5073597 359274 359274
7260 5432871 5073597 359274 359274
7270 5432871 5073597 359274 359274
7280 5432871 5073597 359274 359274
7290 5432871 5073597 359274 359274
7300 5432871 5073597 359274 359274
7310 5432871 5073597 359274 359274
7320 5432871 5073597 359274 359274
7330 5432871 5073597 359274 359274
7340 5432871 5073597 359274 359274
7350 5432871 5073597 359274 359274
7360 5432871 5073597 359274 359274
7370 5432871 5073597 359274 359274
7380 5432871 5073597 359274 359274
7390 5432871 5073597 359274 359274
7400 5432871 5073597 359274 359274
7410 5432871 5073597 359274 359274
7420 5432871 5073597 359274 359274
7430 5432871 5073597 359274 359274
7440 5432871 5073597 359274 359274
7450 5432871 5073597 359274 359274
7460 5432871 5073597 359274 359274
7470 5432871 5073597 359274 359274
7480 5432871 5073597 359274 359274
7490 5432871 5073597 359274 359274
7500 5432871 5073597 359274 359274
7510 5432871 5073597 359274 359274
7520 5432871 5073597 359274 359274
7530 5432871 5073597 359274 359274
7540 5432871 5073597 359274 359274
7550 5432871 5073597 359274 359274
7560 5432871 5073597 359274 359274
7570 5432871 5073597 359274 359274
7580 5432871 5073597 359274 359274
7590 5432871 5073597 359274 359274
7600 5432871 5073597 359274 359274
7610 5432871 5073597 359274 359274
7620 5432871 5073597 359274 359274
7630 5432871 5073597 359274 359274
7640 5432871 5073597 359274 359274
7650 5432871 5073597 359274 359274
7660 5432871 5073597 359274 359274
7670 5432871 5073597 359274 359274
7680 5432871 5073597 359274 359274
7690 5432871 5073597 359274 359274
7700 5432871 5073597 359274 359274
7710 5432871 5073597 359274 359274
7720 5432871 5073597 359274 359274
7730 5432871 5073597 359274 359274
7740 5432871 5073597 359274 359274
7750 5432871 5073597 359274 359274
7760 5432871 5073597 359274 359274
7770 5432871 5073597 359274 359274
7780 5432871 5073597 359274 359274
7790 5432871 5073597 359274 359274
7800 5432871 5073597 359274 359274
7810 5432871 5073597 359274 359274
7820 5432871 5073597 359274 359274
7830 5432871 5073597 359274 359274
7840 5432871 5073597 359274 359274
7850 5432871 5073597 359274 359274
7860 5432871 5073597 359274 359274
7870 5432871 5073597 359274 359274
7880 5432871 5073597 359274 359274
7890 5432871 5073597 359274 359274
7900 5432871 5073597 359274 359274
7910 5432871 5073597 359274 359274
7920 5432871 5073597 359274 359274
7930 5432871 5073597 359274 359274
7940 5432871 5073597 359274 359274
7950 5432871 5073597 359274 359274
7960 5432871 5073597 359274 359274
7970 5432871 5073597 359274 359274
7980 5432871 5073597 359274 359274
7990 5432871 5073597 359274 359274
8000 5432871 5073597 359274 359274
8010 5432871 5073597 359274 359274
8020 5432871 5073597 359274 359274
8030 5432871 5073597 359274 359274
8040 5432871 5073597 359274 359274
8050 5432871 5073597 359274 359274
8060 5432871 5073597 359274 359274
8070 5432871 5073597 359274 359274
8080 5432871 5073597 359274 359274
8090 5432871 5073597 359274 359274
8100 5432871 5073597 359274 359274
8110 5432871 5073597 359274 359274
8120 5432871 5073597 359274 359274
8130 5432871 5073597 359274 359274
8140 5432871 5073597 359274 359274
8150 5432871 5073597 359274 359274
8160 5432871 5073597 359274 359274
8170 5432871 5073597 359274 359274
8180 5432871 5073597 359274 359274
8190 5432871 5073597 359274 359274
8200 5432871 5073597 359274 359274
8210 5432871 5073597 359274 359274
8220 5432871 5073597 359274 359274
8230 5432871 5073597 359274 359274
8240 5432871 5073597 359274 359274
8250 5432871 5073597 359274 359274
8260 5432871 5073597 359274 359274
8270 5432871 5073597 359274 359274
8280 5432871 5073597 359274 359274
8290 5432871 5073597 359274 359274
8300 5432871 5073597 359274 359274
8310 5432871 5073597 359274 359274
8320 5432871 5073597 359274 359274
8330 5432871 5073597 359274 359274
8340 5432871 5073597 359274 359274
8350 5432871 5073597 359274 359274
8360 5432871 5073597 359274 359274
8370 5432871 5073597 359274 359274
8380 5432871 5073597 359274 359274
8390 5432871 5073597 359274 359274
8400 5432871 5073597 359274 359274
8410 5432871 5073597 359274 359274
8420 5432871 5073597 359274 359274
8430 5432871 5073597 359274 359274
8440 5432871 5073597 359274 359274
8450 5432871 5073597 359274 359274
8460 5432871 5073597 359274 359274
8470 5432871 5073597 359274 359274
8480 5432871 5073597 359274 359274
8490 5432871 5073597 359274 359274
8500 5432871 5073597 359274 359274
8510 5432871 5073597 359274 359274
8520 5432871 5073597 359274 359274
8530 5432871 5073597 359274 359274
8540 5432871 5073597 359274 359274
8550 5432871 5073597 359274 359274
8560 5432871 5073597 359274 359274
8570 5432871 5073597 359274 359274
8580 5432871 5073597 359274 359274
8590 5432871 5073597 359274 359274
8600 5432871 5073597 359274 359274
8610 5432871 5073597 359274 359274
8620 5432871 5073597 359274 359274
8630 5432871 5073597 359274 359274
8640 5432871 5073597 359274 359274
8650 5432871 5073597 359274 359274
8660 5432871 5073597 359274 359274
8670 5432871 5073597 359274 359274
8680 5432871 5073597 359274 359274
8690 5432871 5073597 359274 359274
8700 5432871 5073597 359274 359274
8710 5432871 5073597 359274 359274
8720 5432871 5073597 359274 359274
8730 5432871 5073597 359274 359274
8740 5432871 5073597 359274 359274
8750 5432871 5073597 359274 359274
8760 5432871 5073597 359274 359274
8770 5432871 5073597 359274 359274
8780 5432871 5073597 359274 359274
8790 5432871 5073597 359274 359274
8800 5432871 5073597 359274 359274
8810 5432871 5073597 359274 359274
8820 5432871 5073597 359274 359274
8830 5432871 5073597 359274 359274
8840 5432871 5073597 359274 359274
8850 5432871 5073597 359274 359274
8860 5432871 5073597 359274 359274
8870 5432871 5073597 359274 359274
8880 5432871 5073597 359274 359274
8890 5432871 5073597 359274 359274
8900 5432871 5073597 359274 359274
8910 5432871 5073597 359274 359274
8920 5432871 5073597 359274 359274
8930 5432871 5073597 359274 359274
8940 5432871 5073597 359274 359274
8950 5432871 5073597 359274 359274
8960 5432871 5073597 359274 359274
8970 5432871 5073597 359274 359274
8980 5432871 5073597 359274 359274
8990 5432871 5073597 359274 359274
9000 5432871 5073597 359274 359274
9010 5432871 5073597 359274 359274
9020 5432871 5073597 359274 359274
9030 5432871 5073597 359274 359274
9040 5432871 5073597 359274 359274
9050 5432871 5073597 359274 359274
9060 5432871 5073597 359274 359274
9070 5432871 5073597 359274 359274
9080 5432871 5073597 359274 359274
9090 5432871 5073597 359274 359274
9100 5432871 5073597 359274 359274
9110 5432871 5073597 359274 359274
9120 5432871 5073597 359274 359274
9130 5432871 5073597 359274 359274
9140 5432871 5073597 359274 359274
9150 5432871 5073597 359274 359274
9160 5432871 5073597 359274 359274
9170 5432871 5073597 359274 359274
9180 5432871 5073597 359274 359274
9190 5432871 5073597 359274 359274
9200 5432871 5073597 359274 359274
9210 5432871 5073597 359274 359274
9220 5432871 5073597 359274 359274
9230 5432871 5073597 359274 359274
9240 5432871 5073597 359274 359274
9250 5432871 5073597 359274 359274
9260 5432871 5073597 359274 359274
9270 5432871 5073597 359274 359274
9280 5432871 5073597 359274 359274
9290 5432871 5073597 359274 359274
9300 5432871 5073597 359274 359274
9310 5432871 5073597 359274 359274
9320 5432871 5073597 359274 359274
9330 5432871 5073597 359274 359274
9340 5432871 5073597 359274 359274
9350 5432871 5073597 359274 359274
9360 5432871 5073597 359274 359274
9370 5432871 5073597 359274 359274
9380 5432871 5073597 359274 359274
9390 5432871 5073597 359274 359274
9400 5432871 5073597 359274 359274
9410 5432871 5073597 359274 359274
9420 5432871 5073597 359274 359274
9430 5432871 5073597 359274 359274
9440 5432871 5073597 359274 359274
9450 5432871 5073597 359274 359274
9460 5432871 5073597 359274 359274
9470 5432871 5073597 359274 359274
9480 5432871 5073597 359274 359274
9490 5432871 5073597 359274 359274
9500 5432871 5073597 359274 359274
9510 5432871 5073597 359274 359274
9520 5432871 5073597 359274 359274
9530 5432871 5073597 359274 359274
9540 5432871 5073597 359274 359274
9550 5432871 5073597 359274 359274
9560 5432871 5073597 359274 359274
9570 5432871 5073597 359274 359274
9580 5432871 5073597 359274 359274
9590 5432871 5073597 359274 359274
9600 5432871 5073597 359274 359274
9610 5432871 5073597 359274 359274
9620 5432871 5073597 359274 359274
9630 5432871 5073597 359274 359274
9640 5432871 5073597 359274 359274
9650 5432871 5073597 359274 359274
9660 5432871 5073597 359274 359274
9670 5432871 5073597 359274 359274
9680 5432871 5073597 359274 359274
9690 5432871 5073597 359274 359274
9700 5432871 5073597 359274 359274
9710 5432871 5073597 359274 359274
9720 5432871 5073597 359274 359274
9730 5432871 5073597 359274 359274
9740 5432871 5073597 359274 359274
9750 5432871 5073597 359274 359274
9760 5432871 5073597 359274 359274
9770 5432871 5073597 359274 359274
9780 5432871 5073597 359274 359274
9790 5432871 5073597 359274 359274
9800 5432871 5073597 359274 359274
9810 5432871 5073597 359274 359274
9820 5432871 5073597 359274 359274
9830 5432871 5073597 359274 359274
9840 5432871 5073597 359274 359274
9850 5432871 5073597 359274 359274
9860 5432871 5073597 359274 359274
9870 5432871 5073597 359274 359274
9880 5432871 5073597 359274 359274
9890 5432871 5073597 359274 359274
9900 5432871 5073597 359274 359274
9910 5432871 5073597 359274 359274
9920 5432871 5073597 359274 359274
9930 5432871 5073597 359274 359274
9940 5432871 5073597 359274 359274
9950 5432871 5073597 359274 359274
9960 5432871 5073597 359274 359274
9970 5432871 5073597 359274 359274
9980 5432871 5073597 359274 359274
9990 5432871 5073597 359274 359274
10000 5432871 5073597 359274 359274
10010 5432871 5073597 359274 359274
10020 5432871 5073597 359274 359274
10030 5432871 5073597 359274 359274
10040 5432871 5073597 359274 359274
10050 5432871 5073597 359274 359274
10060 5432871 5073597 359274 359274
10070 5432871 5073597 359274 359274
10080 5432871 5073597 359274 359274
10090 5432871 5073597 359274 359274
10100 5432871 5073597 359274 359274
10110 5432871 5073597 359274 359274
10120 5432871 5073597 359274 359274
10130 5432871 5073597 359274 359274
10140 5432871 5073597 359274 359274
10150 5432871 5073597 359274 359274
10160 5432871 5073597 359274 359274
10170 5432871 5073597 359274 359274
10180 5432871 5073597 359274 359274
10190 5432871 5073597 359274 359274
10200 5432871 5073597 359274 359274
10210 5432871 5073597 359274 359274
10220 5432871 5073597 359274 359274
10230 5432871 5073597 359274 359274
10240 5432871 5073597 359274 359274
10250 5432871 5073597 359274 359274
10260 5432871 5073597 359274 359274
10270 5432871 5073597 359274 359274
10280 5432871 5073597 359274 359274
10290 5432871 5073597 359274 359274
10300 5432871 5073597 359274 359274
10310 5432871 5073597 359274 359274
10320 5432871 5073597 359274 359274
10330 5432871 5073597 359274 359274
10340 5432871 5073597 359274 359274
10350 5432871 5073597 359274 359274
10360 5432871 5073597 359274 359274
10370 5432871 5073597 359274 359274
10380 5432871 5073597 359274 359274
10390 5432871 5073597 359274 359274
10400 5432871 5073597 359274 359274
10410 5432871 5073597 359274 359274
10420 5432871 5073597 359274 359274
10430 5432871 5073597 359274 359274
10440 5432871 5073597 359274 359274
10450 5432871 5073597 359274 359274
10460 5432871 5073597 359274 359274
10470 5432871 5073597 359274 359274
10480 5432871 5073597 359274 359274
10490 5432871 5073597 359274 359274
10500 5432871 5073597 359274 359274
10510 5432871 5073597 359274 359274
10520 5432871 5073597 359274 359274
10530 5432871 5073597 359274 359274
10540 5432871 5073597 359274 359274
10550 5432871 5073597 359274 359274
10560 5432871 5073597 359274 359274
10570 5432871 5073597 359274 359274
10580 5432871 5073597 359274 359274
10590 5432871 5073597 359274 359274
10600 5432871 5073597 359274 359274
10610 5432871 5073597 359274 359274
10620 5432871 5073597 359274 359274
10630 5432871 5073597 359274 359274
10640 5432871 5073597 359274 359274
10650 5432871 5073597 359274 359274
10660 5432871 5073597 359274 359274
10670 5432871 5073597 359274 359274
10680 5432871 5073597 359274 359274
10690 5432871 5073597 359274 359274
10700 5432871 5073597 359274 359274
10710 5432871 5073597 359274 359274
10720 5432871 5073597 359274 359274
10730 5432871 5073597 359274 359274
10740 5432871 5073597 359274 359274
10750 5432871 5073597 359274 359274
10760 5432871 5073597 359274 359274
10770 5432871 5073597 359274 359274
10780 5432871 5073597 359274 359274
10790 5432871 5073597 359274 359274
10800 5432871 5073597 359274 359274
10810 5432871 5073597 359274 359274
10820 5432871 5073597 359274 359274
10830 5432871 5073597 359274 359274
10840 5432871 5073597 359274 359274
10850 5432871 5073597 359274 359274
10860 5432871 5073597 359274 359274
10870 5432871 5073597 359274 359274
10880 5432871 5073597 359274 359274
10890 5432871 5073597 359274 359274
10900 5432871 5073597 359274 359274
10910 5432871 5073597 359274 359274
10920 5432871 5073597 359274 359274
10930 5432871 5073597 359274 359274
10940 5432871 5073597 359274 359274
10950 5432871 5073597 359274 359274
10960 5432871 5073597 359274 359274
10970 5432871 5073597 359274 359274
10980 5432871 5073597 359274 359274
10990 5432871 5073597 359274 359274
11000 5432871 5073597 359274 359274
11010 5432871 5073597 359274 359274
11020 5432871 5073597 359274 359274
11030 5432871 5073597 359274 359274
11040 5432871 5073597 359274 359274
11050 5432871 5073597 359274 359274
11060 5432871 5073597 359274 359274
11070 5432871 5073597 359274 359274
11080 5432871 5073597 359274 359274
11090 5432871 5073597 359274 359274
11100 5432871 5073597 359274 359274
11110 5432871 5073597 359274 359274
11120 5432871 5073597 359274 359274
11130 5432871 5073597 359274 359274
11140 5432871 5073597 359274 359274
11150 5432871 5073597 359274 359274
11160 5432871 5073597 359274 359274
11170 5432871 5073597 359274 359274
11180 5432871 5073597 359274 359274
11190 5432871 5073597 359274 359274
11200 5432871 5073597 359274 359274
11210 5432871 5073597 359274 359274
11220 5432871 5073597 359274 359274
11230 5432871 5073597 359274 359274
11240 5432871 5073597 359274 359274
11250 5432871 5073597 359274 359274
11260 5432871 5073597 359274 359274
11270 5432871 5073597 359274 359274
11280 5432871 5073597 359274 359274
11290 5432871 5073597 359274 359274
11300 5432871 5073597 359274 359274
11310 5432871 5073597 359274 359274
11320 5432871 5073597 359274 359274
11330 5432871 5073597 359274 359274
11340 5432871 5073597 359274 359274
11350 5432871 5073597 359274 359274
11360 5432871 5073597 359274 359274
11370 5432871 5073597 359274 359274
11380 5432871 5073597 359274 359274
11390 5432871 5073597 359274 359274
11400 5432871 5073597 359274 359274
11410 5432871 5073597 359274 359274
11420 5432871 5073597 359274 359274
11430 5432871 5073597 359274 359274
11440 5432871 5073597 359274 359274
11450 5432871 5073597 359274 359274
11460 5432871 5073597 359274 359274
11470 5432871 5073597 359274 359274
11480 5432871 5073597 359274 359274
11490 5432871 5073597 359274 359274
11500 5432871 5073597 359274 359274
11510 5432871 5073597 359274 359274
11520 5432871 5073597 359274 359274
11530 5432871 5073597 359274 359274
11540 5432871 5073597 359274 359274
11550 5432871 5073597 359274 359274
11560 5432871 5073597 359274 359274
11570 5432871 5073597 359274 359274
11580 5432871 5073597 359274 359274
11590 5432871 5073597 359274 359274
11600 5432871 5073597 359274 359274
11610 5432871 5073597 359274 359274
11620 5432871 5073597 359274 359274
11630 5432871 5073597 359274 359274
11640 5432871 5073597 359274 359274
11650 5432871 5073597 359274 359274
11660 5432871 5073597 359274 359274
11670 5432871 5073597 359274 359274
11680 5432871 5073597 359274 359274
11690 5432871 5073597 359274 359274
11700 5432871 5073597 359274 359274
11710 5432871 5073597 359274 359274
11720 5432871 5073597 359274 359274
11730 5432871 5073597 359274 359274
11740 5432871 5073597 359274 359274
11750 5432871 5073597 359274 359274
11760 5432871 5073597 359274 359274
11770 5432871 5073597 359274 359274
11780 5432871 5073597 359274 359274
11790 5432871 5073597 359274 359274
11800 5432871 5073597 359274 359274
11810 5432871 5073597 359274 359274
11820 5432871 5073597 359274 359274
11830 5432871 5073597 359274 359274
11840 5432871 5073597 359274 359274
11850 5432871 5073597 359274 359274
11860 5432871 5073597 359274 359274
11870 5432871 5073597 359274 359274
11880 5432871 5073597 359274 359274
11890 5432871 5073597 359274 359274
11900 5432871 5073597 359274 359274
11910 5432871 5073597 359274 359274
11920 5432871 5073597 359274 359274
11930 5432871 5073597 359274 359274
11940 5432871 5073597 359274 359274
11950 5432871 5073597 359274 359274
11960 5432871 5073597 359274 359274
11970 5432871 5073597 359274 359274
11980 5432871 5073597 359274 359274
11990 5432871 5073597 359274 359274
12000 5432871 5073597 359274 359274
12010 5432871 5073597 359274 359274
12020 5432871 5073597 359274 359274
12030 5432871 5073597 359274 359274
12040 5432871 5073597 359274 359274
12050 5432871 5073597 359274 359274
12060 5432871 5073597 359274 359274
12070 5432871 5073597 359274 359274
12080 5432871 5073597 359274 359274
12090 5432871 5073597 359274 359274
12100 5432871 5073597 359274 359274
12110 5432871 5073597 359274 359274
12120 5432871 5073597 359274 359274
12130 5432871 5073597 359274 359274
12140 5432871 5073597 359274 359274
12150 5432871 5073597 359274 359274
12160 5432871 5073597 359274 359274
12170 5432871 5073597 359274 359274
12180 5432871 5073597 359274 359274
12190 5432871 5073597 359274 359274
12200 5432871 5073597 359274 359274
12210 5432871 5073597 359274 359274
12220 5432871 5073597 359274 359274
12230 5432871 5073597 359274 359274
12240 5432871 5073597 359274 359274
12250 5432871 5073597 359274 359274
12260 5432871 5073597 359274 359274
12270 5432871 5073597 359274 359274
12280 5432871 5073597 359274 359274
12290 5432871 5073597 359274 359274
12300 5432871 5073597 359274 359274
12310 5432871 5073597 359274 359274
12320 5432871 5073597 359274 359274
12330 5432871 5073597 359274 359274
12340 5432871 5073597 359274 359274
12350 5432871 5073597 359274 359274
12360 5432871 5073597 359274 359274
12370 5432871 5073597 359274 359274
12380 5432871 5073597 359274 359274
12390 5432871 5073597 359274 359274
12400 5432871 5073597 359274 359274
12410 5432871 5073597 359274 359274
12420 5432871 5073597 359274 359274
12430 5432871 5073597 359274 359274
12440 5432871 5073597 359274 359274
12450 5432871 5073597 359274 359274
12460 5432871 5073597 359274 359274
12470 5432871 5073597 359274 359274
12480 5432871 5073597 359274 359274
12490 5432871 5073597 359274 359274
12500 5432871 5073597 359274 359274
12510 5432871 5073597 359274 359274
12520 5432871 5073597 359274 359274
12530 5432871 5073597 359274 359274
12540 5432871 5073597 359274 359274
12550 5432871 5073597 359274 359274
12560 5432871 5073597 359274 359274
12570 5432871 5073597 359274 359274
12580 5432871 5073597 359274 359274
12590 5432871 5073597 359274 359274
12600 5432871 5073597 359274 359274
12610 5432871 5073597 359274 359274
12620 5432871 5073597 359274 359274
12630 5432871 5073597 359274 359274
12640 5432871 5073597 359274 359274
12650 5432871 5073597 359274 359274
12660 5432871 5073597 359274 359274
12670 5432871 5073597 359274 359274
12680 5432871 5073597 359274 359274
12690 5432871 5073597 359274 359274
12700 5432871 5073597 359274 359274
12710 5432871 5073597 359274 359274
12720 5432871 5073597 359274 359274
12730 5432871 5073597 359274 359274
12740 5432871 5073597 359274 359274
12750 5432871 5073597 359274 359274
12760 5432871 5073597 359274 359274
12770 5432871 5073597 359274 359274
12780 5432871 5073597 359274 359274
12790 5432871 5073597 359274 359274
12800 5432871 5073597 359274 359274
12810 5432871 5073597 359274 359274
12820 5432871 5073597 359274 359274
12830 5432871 5073597 359274 359274
12840 5432871 5073597 359274 359274
12850 5432871 5073597 359274 359274
12860 5432871 5073597 359274 359274
12870 5432871 5073597 359274 359274
12880 5432871 5073597 359274 359274
12890 5432871 5073597 359274 359274
12900 5432871 5073597 359274 359274
12910 5432871 5073597 359274 359274
12920 5432871 5073597 359274 359274
12930 5432871 5073597 359274 359274
12940 5432871 5073597 359274 359274
12950 5432871 5073597 359274 359274
12960 5432871 5073597 359274 359274
12970 5432871 5073597 359274 359274
12980 5432871 5073597 359274 359274
12990 5432871 5073597 359274 359274
13000 5432871 5073597 359274 359274
13010 5432871 5073597 359274 359274
13020 5432871 5073597 359274 359274
13030 5432871 5073597 359274 359274
13040 5432871 5073597 359274 359274
13050 5432871 5073597 359274 359274
13060 5432871 5073597 359274 359274
13070 5432871 5073597 359274 359274
13080 5432871 5073597 359274 359274
13090 5432871 5073597 359274 359274
13100 5432871 5073597 359274 359274
13110 5432871 5073597 359274 359274
13120 5432871 5073597 359274 359274
13130 5432871 5073597 359274 359274
13140 5432871 5073597 359274 359274
13150 5432871 5073597 359274 359274
13160 5432871 5073597 359274 359274
13170 5432871 5073597 359274 359274

