Optimal path [nodeId(time to the node):
17(0) -> 79(132) -> 47(147) -> 50(128) -> 37(123) -> 11(135) -> 73(140) -> 24(143) -> 58(142) -> 5(132) -> 92(146) -> 54(127) -> 86(155) -> 56(146) -> 46(145) -> 16(151) -> 61(118) -> 85(125) -> 27(150) -> 71(151) -> 57(139) -> 53(121) -> 69(136) -> 66(128) -> 28(141) -> 49(151) -> 22(139) -> 21(133) -> 25(129) -> 65(132) -> 78(153) -> 35(132) -> 77(119) -> 89(129) -> 87(144) -> 55(141) -> 42(122) -> 32(138) -> 2(156) -> 82(155) -> 9(150) -> 52(157) -> 3(165) -> 8(120) -> 10(162) -> 84(113) -> 30(149) -> 44(159) -> 0(132) -> 19(155) -> 45(155) -> 1(142) -> 26(132) -> 20(116) -> 41(143) -> 72(132) -> 91(139) -> 36(154) -> 48(113) -> 80(150) -> 68(132) -> 14(131) -> 51(131) -> 67(143) -> 99(147) -> 12(155) -> 94(138) -> 88(138) -> 95(136) -> 81(140) -> 15(161) -> 38(164) -> 31(143) -> 62(143) -> 60(139) -> 64(137) -> 75(133) -> 7(143) -> 40(161) -> 43(141) -> 90(159) -> 76(166) -> 70(138) -> 6(121) -> 23(163) -> 34(132) -> 93(135) -> 98(159) -> 29(139) -> 39(143) -> 74(156) -> 96(154) -> 13(126) -> 18(147) -> 63(148) -> 33(118) -> 83(120) -> 59(159) -> 4(158) -> 97(138)
Total time of delivery: 13947
The cost function value: 5226528

Statistics at the end of simulation: 
Residents: 5432871
Illness cases: 5226529 --> [96.20197129657598%]
Healthy residents: 206342 --> [3.798028703424028%]
Vaccinated residents206342 --> [3.798028703424028%]

Statistics of each node: 
id residentsNumber illnessCases healthyResidents vaccinated
17 27216 1 27215 27215
79 84379 51 84328 84328
47 98952 4153 94799 94799
50 30829 30829 0 0
37 51694 51694 0 0
11 84816 84816 0 0
73 49077 49077 0 0
24 37355 37355 0 0
58 16081 16081 0 0
5 15364 15364 0 0
92 24523 24523 0 0
54 69376 69376 0 0
86 26732 26732 0 0
56 80108 80108 0 0
46 73816 73816 0 0
16 82700 82700 0 0
61 25643 25643 0 0
85 44972 44972 0 0
27 80174 80174 0 0
71 23666 23666 0 0
57 39724 39724 0 0
53 61988 61988 0 0
69 66112 66112 0 0
66 26230 26230 0 0
28 91749 91749 0 0
49 19584 19584 0 0
22 73621 73621 0 0
21 82806 82806 0 0
25 67586 67586 0 0
65 70610 70610 0 0
78 57716 57716 0 0
35 96767 96767 0 0
77 28452 28452 0 0
89 68284 68284 0 0
87 20655 20655 0 0
55 88344 88344 0 0
42 68898 68898 0 0
32 59165 59165 0 0
2 43074 43074 0 0
82 15231 15231 0 0
9 60305 60305 0 0
52 63153 63153 0 0
3 57882 57882 0 0
8 45160 45160 0 0
10 95932 95932 0 0
84 70627 70627 0 0
30 67192 67192 0 0
44 15573 15573 0 0
0 59902 59902 0 0
19 87851 87851 0 0
45 46217 46217 0 0
1 49456 49456 0 0
26 26605 26605 0 0
20 48774 48774 0 0
41 91808 91808 0 0
72 90063 90063 0 0
91 32862 32862 0 0
36 85682 85682 0 0
48 13555 13555 0 0
80 67722 67722 0 0
68 42462 42462 0 0
14 81887 81887 0 0
51 94699 94699 0 0
67 37842 37842 0 0
99 28053 28053 0 0
12 79926 79926 0 0
94 76894 76894 0 0
88 37474 37474 0 0
95 71066 71066 0 0
81 89526 89526 0 0
15 78003 78003 0 0
38 33030 33030 0 0
31 69146 69146 0 0
62 19500 19500 0 0
60 91794 91794 0 0
64 22353 22353 0 0
75 26017 26017 0 0
7 29243 29243 0 0
40 31222 31222 0 0
43 79446 79446 0 0
90 80008 80008 0 0
76 31382 31382 0 0
70 36163 36163 0 0
6 12672 12672 0 0
23 20873 20873 0 0
34 28894 28894 0 0
93 39916 39916 0 0
98 93006 93006 0 0
29 15814 15814 0 0
39 32804 32804 0 0
74 81649 81649 0 0
96 73344 73344 0 0
13 61304 61304 0 0
18 16978 16978 0 0
63 51706 51706 0 0
33 13135 13135 0 0
83 46841 46841 0 0
59 83546 83546 0 0
4 56018 56018 0 0
97 86845 86845 0 0

Statistics step by step: 
minute residentsNumber illnessCases healthyResidents vaccinated
0 5432871 100 5432771 27215
10 5432871 100 5432771 27215
20 5432871 100 5432771 27215
30 5432871 199 5432672 27215
40 5432871 298 5432573 27215
50 5432871 397 5432474 27215
60 5432871 595 5432276 27215
70 5432871 793 5432078 27215
80 5432871 991 5431880 27215
90 5432871 1387 5431484 27215
100 5432871 1882 5430989 27215
110 5432871 2575 5430296 27215
120 5432871 3565 5429306 27215
130 5432871 4753 5428118 27215
140 5432871 6422 5426449 111543
150 5432871 8676 5424195 111543
160 5432871 11616 5421255 111543
170 5432871 15732 5417139 111543
180 5432871 21220 5411651 111543
190 5432871 28570 5404301 111543
200 5432871 38468 5394403 111543
210 5432871 51894 5380977 111543
220 5432871 69926 5362945 111543
230 5432871 94230 5338641 111543
240 5432871 127060 5305811 111543
250 5432871 171258 5261613 111543
260 5432871 230744 5202127 111543
270 5432871 311104 5121767 111543
280 5432871 419268 5013603 206342
290 5432871 563701 4869170 206342
300 5432871 758477 4674394 206342
310 5432871 1020959 4411912 206342
320 5432871 1371693 4061178 206342
330 5432871 1814744 3618127 206342
340 5432871 2369405 3063466 206342
350 5432871 3012086 2420785 206342
360 5432871 3744199 1688672 206342
370 5432871 4528519 904352 206342
380 5432871 5144553 288318 206342
390 5432871 5226529 206342 206342
400 5432871 5226529 206342 206342
410 5432871 5226529 206342 206342
420 5432871 5226529 206342 206342
430 5432871 5226529 206342 206342
440 5432871 5226529 206342 206342
450 5432871 5226529 206342 206342
460 5432871 5226529 206342 206342
470 5432871 5226529 206342 206342
480 5432871 5226529 206342 206342
490 5432871 5226529 206342 206342
500 5432871 5226529 206342 206342
510 5432871 5226529 206342 206342
520 5432871 5226529 206342 206342
530 5432871 5226529 206342 206342
540 5432871 5226529 206342 206342
550 5432871 5226529 206342 206342
560 5432871 5226529 206342 206342
570 5432871 5226529 206342 206342
580 5432871 5226529 206342 206342
590 5432871 5226529 206342 206342
600 5432871 5226529 206342 206342
610 5432871 5226529 206342 206342
620 5432871 5226529 206342 206342
630 5432871 5226529 206342 206342
640 5432871 5226529 206342 206342
650 5432871 5226529 206342 206342
660 5432871 5226529 206342 206342
670 5432871 5226529 206342 206342
680 5432871 5226529 206342 206342
690 5432871 5226529 206342 206342
700 5432871 5226529 206342 206342
710 5432871 5226529 206342 206342
720 5432871 5226529 206342 206342
730 5432871 5226529 206342 206342
740 5432871 5226529 206342 206342
750 5432871 5226529 206342 206342
760 5432871 5226529 206342 206342
770 5432871 5226529 206342 206342
780 5432871 5226529 206342 206342
790 5432871 5226529 206342 206342
800 5432871 5226529 206342 206342
810 5432871 5226529 206342 206342
820 5432871 5226529 206342 206342
830 5432871 5226529 206342 206342
840 5432871 5226529 206342 206342
850 5432871 5226529 206342 206342
860 5432871 5226529 206342 206342
870 5432871 5226529 206342 206342
880 5432871 5226529 206342 206342
890 5432871 5226529 206342 206342
900 5432871 5226529 206342 206342
910 5432871 5226529 206342 206342
920 5432871 5226529 206342 206342
930 5432871 5226529 206342 206342
940 5432871 5226529 206342 206342
950 5432871 5226529 206342 206342
960 5432871 5226529 206342 206342
970 5432871 5226529 206342 206342
980 5432871 5226529 206342 206342
990 5432871 5226529 206342 206342
1000 5432871 5226529 206342 206342
1010 5432871 5226529 206342 206342
1020 5432871 5226529 206342 206342
1030 5432871 5226529 206342 206342
1040 5432871 5226529 206342 206342
1050 5432871 5226529 206342 206342
1060 5432871 5226529 206342 206342
1070 5432871 5226529 206342 206342
1080 5432871 5226529 206342 206342
1090 5432871 5226529 206342 206342
1100 5432871 5226529 206342 206342
1110 5432871 5226529 206342 206342
1120 5432871 5226529 206342 206342
1130 5432871 5226529 206342 206342
1140 5432871 5226529 206342 206342
1150 5432871 5226529 206342 206342
1160 5432871 5226529 206342 206342
1170 5432871 5226529 206342 206342
1180 5432871 5226529 206342 206342
1190 5432871 5226529 206342 206342
1200 5432871 5226529 206342 206342
1210 5432871 5226529 206342 206342
1220 5432871 5226529 206342 206342
1230 5432871 5226529 206342 206342
1240 5432871 5226529 206342 206342
1250 5432871 5226529 206342 206342
1260 5432871 5226529 206342 206342
1270 5432871 5226529 206342 206342
1280 5432871 5226529 206342 206342
1290 5432871 5226529 206342 206342
1300 5432871 5226529 206342 206342
1310 5432871 5226529 206342 206342
1320 5432871 5226529 206342 206342
1330 5432871 5226529 206342 206342
1340 5432871 5226529 206342 206342
1350 5432871 5226529 206342 206342
1360 5432871 5226529 206342 206342
1370 5432871 5226529 206342 206342
1380 5432871 5226529 206342 206342
1390 5432871 5226529 206342 206342
1400 5432871 5226529 206342 206342
1410 5432871 5226529 206342 206342
1420 5432871 5226529 206342 206342
1430 5432871 5226529 206342 206342
1440 5432871 5226529 206342 206342
1450 5432871 5226529 206342 206342
1460 5432871 5226529 206342 206342
1470 5432871 5226529 206342 206342
1480 5432871 5226529 206342 206342
1490 5432871 5226529 206342 206342
1500 5432871 5226529 206342 206342
1510 5432871 5226529 206342 206342
1520 5432871 5226529 206342 206342
1530 5432871 5226529 206342 206342
1540 5432871 5226529 206342 206342
1550 5432871 5226529 206342 206342
1560 5432871 5226529 206342 206342
1570 5432871 5226529 206342 206342
1580 5432871 5226529 206342 206342
1590 5432871 5226529 206342 206342
1600 5432871 5226529 206342 206342
1610 5432871 5226529 206342 206342
1620 5432871 5226529 206342 206342
1630 5432871 5226529 206342 206342
1640 5432871 5226529 206342 206342
1650 5432871 5226529 206342 206342
1660 5432871 5226529 206342 206342
1670 5432871 5226529 206342 206342
1680 5432871 5226529 206342 206342
1690 5432871 5226529 206342 206342
1700 5432871 5226529 206342 206342
1710 5432871 5226529 206342 206342
1720 5432871 5226529 206342 206342
1730 5432871 5226529 206342 206342
1740 5432871 5226529 206342 206342
1750 5432871 5226529 206342 206342
1760 5432871 5226529 206342 206342
1770 5432871 5226529 206342 206342
1780 5432871 5226529 206342 206342
1790 5432871 5226529 206342 206342
1800 5432871 5226529 206342 206342
1810 5432871 5226529 206342 206342
1820 5432871 5226529 206342 206342
1830 5432871 5226529 206342 206342
1840 5432871 5226529 206342 206342
1850 5432871 5226529 206342 206342
1860 5432871 5226529 206342 206342
1870 5432871 5226529 206342 206342
1880 5432871 5226529 206342 206342
1890 5432871 5226529 206342 206342
1900 5432871 5226529 206342 206342
1910 5432871 5226529 206342 206342
1920 5432871 5226529 206342 206342
1930 5432871 5226529 206342 206342
1940 5432871 5226529 206342 206342
1950 5432871 5226529 206342 206342
1960 5432871 5226529 206342 206342
1970 5432871 5226529 206342 206342
1980 5432871 5226529 206342 206342
1990 5432871 5226529 206342 206342
2000 5432871 5226529 206342 206342
2010 5432871 5226529 206342 206342
2020 5432871 5226529 206342 206342
2030 5432871 5226529 206342 206342
2040 5432871 5226529 206342 206342
2050 5432871 5226529 206342 206342
2060 5432871 5226529 206342 206342
2070 5432871 5226529 206342 206342
2080 5432871 5226529 206342 206342
2090 5432871 5226529 206342 206342
2100 5432871 5226529 206342 206342
2110 5432871 5226529 206342 206342
2120 5432871 5226529 206342 206342
2130 5432871 5226529 206342 206342
2140 5432871 5226529 206342 206342
2150 5432871 5226529 206342 206342
2160 5432871 5226529 206342 206342
2170 5432871 5226529 206342 206342
2180 5432871 5226529 206342 206342
2190 5432871 5226529 206342 206342
2200 5432871 5226529 206342 206342
2210 5432871 5226529 206342 206342
2220 5432871 5226529 206342 206342
2230 5432871 5226529 206342 206342
2240 5432871 5226529 206342 206342
2250 5432871 5226529 206342 206342
2260 5432871 5226529 206342 206342
2270 5432871 5226529 206342 206342
2280 5432871 5226529 206342 206342
2290 5432871 5226529 206342 206342
2300 5432871 5226529 206342 206342
2310 5432871 5226529 206342 206342
2320 5432871 5226529 206342 206342
2330 5432871 5226529 206342 206342
2340 5432871 5226529 206342 206342
2350 5432871 5226529 206342 206342
2360 5432871 5226529 206342 206342
2370 5432871 5226529 206342 206342
2380 5432871 5226529 206342 206342
2390 5432871 5226529 206342 206342
2400 5432871 5226529 206342 206342
2410 5432871 5226529 206342 206342
2420 5432871 5226529 206342 206342
2430 5432871 5226529 206342 206342
2440 5432871 5226529 206342 206342
2450 5432871 5226529 206342 206342
2460 5432871 5226529 206342 206342
2470 5432871 5226529 206342 206342
2480 5432871 5226529 206342 206342
2490 5432871 5226529 206342 206342
2500 5432871 5226529 206342 206342
2510 5432871 5226529 206342 206342
2520 5432871 5226529 206342 206342
2530 5432871 5226529 206342 206342
2540 5432871 5226529 206342 206342
2550 5432871 5226529 206342 206342
2560 5432871 5226529 206342 206342
2570 5432871 5226529 206342 206342
2580 5432871 5226529 206342 206342
2590 5432871 5226529 206342 206342
2600 5432871 5226529 206342 206342
2610 5432871 5226529 206342 206342
2620 5432871 5226529 206342 206342
2630 5432871 5226529 206342 206342
2640 5432871 5226529 206342 206342
2650 5432871 5226529 206342 206342
2660 5432871 5226529 206342 206342
2670 5432871 5226529 206342 206342
2680 5432871 5226529 206342 206342
2690 5432871 5226529 206342 206342
2700 5432871 5226529 206342 206342
2710 5432871 5226529 206342 206342
2720 5432871 5226529 206342 206342
2730 5432871 5226529 206342 206342
2740 5432871 5226529 206342 206342
2750 5432871 5226529 206342 206342
2760 5432871 5226529 206342 206342
2770 5432871 5226529 206342 206342
2780 5432871 5226529 206342 206342
2790 5432871 5226529 206342 206342
2800 5432871 5226529 206342 206342
2810 5432871 5226529 206342 206342
2820 5432871 5226529 206342 206342
2830 5432871 5226529 206342 206342
2840 5432871 5226529 206342 206342
2850 5432871 5226529 206342 206342
2860 5432871 5226529 206342 206342
2870 5432871 5226529 206342 206342
2880 5432871 5226529 206342 206342
2890 5432871 5226529 206342 206342
2900 5432871 5226529 206342 206342
2910 5432871 5226529 206342 206342
2920 5432871 5226529 206342 206342
2930 5432871 5226529 206342 206342
2940 5432871 5226529 206342 206342
2950 5432871 5226529 206342 206342
2960 5432871 5226529 206342 206342
2970 5432871 5226529 206342 206342
2980 5432871 5226529 206342 206342
2990 5432871 5226529 206342 206342
3000 5432871 5226529 206342 206342
3010 5432871 5226529 206342 206342
3020 5432871 5226529 206342 206342
3030 5432871 5226529 206342 206342
3040 5432871 5226529 206342 206342
3050 5432871 5226529 206342 206342
3060 5432871 5226529 206342 206342
3070 5432871 5226529 206342 206342
3080 5432871 5226529 206342 206342
3090 5432871 5226529 206342 206342
3100 5432871 5226529 206342 206342
3110 5432871 5226529 206342 206342
3120 5432871 5226529 206342 206342
3130 5432871 5226529 206342 206342
3140 5432871 5226529 206342 206342
3150 5432871 5226529 206342 206342
3160 5432871 5226529 206342 206342
3170 5432871 5226529 206342 206342
3180 5432871 5226529 206342 206342
3190 5432871 5226529 206342 206342
3200 5432871 5226529 206342 206342
3210 5432871 5226529 206342 206342
3220 5432871 5226529 206342 206342
3230 5432871 5226529 206342 206342
3240 5432871 5226529 206342 206342
3250 5432871 5226529 206342 206342
3260 5432871 5226529 206342 206342
3270 5432871 5226529 206342 206342
3280 5432871 5226529 206342 206342
3290 5432871 5226529 206342 206342
3300 5432871 5226529 206342 206342
3310 5432871 5226529 206342 206342
3320 5432871 5226529 206342 206342
3330 5432871 5226529 206342 206342
3340 5432871 5226529 206342 206342
3350 5432871 5226529 206342 206342
3360 5432871 5226529 206342 206342
3370 5432871 5226529 206342 206342
3380 5432871 5226529 206342 206342
3390 5432871 5226529 206342 206342
3400 5432871 5226529 206342 206342
3410 5432871 5226529 206342 206342
3420 5432871 5226529 206342 206342
3430 5432871 5226529 206342 206342
3440 5432871 5226529 206342 206342
3450 5432871 5226529 206342 206342
3460 5432871 5226529 206342 206342
3470 5432871 5226529 206342 206342
3480 5432871 5226529 206342 206342
3490 5432871 5226529 206342 206342
3500 5432871 5226529 206342 206342
3510 5432871 5226529 206342 206342
3520 5432871 5226529 206342 206342
3530 5432871 5226529 206342 206342
3540 5432871 5226529 206342 206342
3550 5432871 5226529 206342 206342
3560 5432871 5226529 206342 206342
3570 5432871 5226529 206342 206342
3580 5432871 5226529 206342 206342
3590 5432871 5226529 206342 206342
3600 5432871 5226529 206342 206342
3610 5432871 5226529 206342 206342
3620 5432871 5226529 206342 206342
3630 5432871 5226529 206342 206342
3640 5432871 5226529 206342 206342
3650 5432871 5226529 206342 206342
3660 5432871 5226529 206342 206342
3670 5432871 5226529 206342 206342
3680 5432871 5226529 206342 206342
3690 5432871 5226529 206342 206342
3700 5432871 5226529 206342 206342
3710 5432871 5226529 206342 206342
3720 5432871 5226529 206342 206342
3730 5432871 5226529 206342 206342
3740 5432871 5226529 206342 206342
3750 5432871 5226529 206342 206342
3760 5432871 5226529 206342 206342
3770 5432871 5226529 206342 206342
3780 5432871 5226529 206342 206342
3790 5432871 5226529 206342 206342
3800 5432871 5226529 206342 206342
3810 5432871 5226529 206342 206342
3820 5432871 5226529 206342 206342
3830 5432871 5226529 206342 206342
3840 5432871 5226529 206342 206342
3850 5432871 5226529 206342 206342
3860 5432871 5226529 206342 206342
3870 5432871 5226529 206342 206342
3880 5432871 5226529 206342 206342
3890 5432871 5226529 206342 206342
3900 5432871 5226529 206342 206342
3910 5432871 5226529 206342 206342
3920 5432871 5226529 206342 206342
3930 5432871 5226529 206342 206342
3940 5432871 5226529 206342 206342
3950 5432871 5226529 206342 206342
3960 5432871 5226529 206342 206342
3970 5432871 5226529 206342 206342
3980 5432871 5226529 206342 206342
3990 5432871 5226529 206342 206342
4000 5432871 5226529 206342 206342
4010 5432871 5226529 206342 206342
4020 5432871 5226529 206342 206342
4030 5432871 5226529 206342 206342
4040 5432871 5226529 206342 206342
4050 5432871 5226529 206342 206342
4060 5432871 5226529 206342 206342
4070 5432871 5226529 206342 206342
4080 5432871 5226529 206342 206342
4090 5432871 5226529 206342 206342
4100 5432871 5226529 206342 206342
4110 5432871 5226529 206342 206342
4120 5432871 5226529 206342 206342
4130 5432871 5226529 206342 206342
4140 5432871 5226529 206342 206342
4150 5432871 5226529 206342 206342
4160 5432871 5226529 206342 206342
4170 5432871 5226529 206342 206342
4180 5432871 5226529 206342 206342
4190 5432871 5226529 206342 206342
4200 5432871 5226529 206342 206342
4210 5432871 5226529 206342 206342
4220 5432871 5226529 206342 206342
4230 5432871 5226529 206342 206342
4240 5432871 5226529 206342 206342
4250 5432871 5226529 206342 206342
4260 5432871 5226529 206342 206342
4270 5432871 5226529 206342 206342
4280 5432871 5226529 206342 206342
4290 5432871 5226529 206342 206342
4300 5432871 5226529 206342 206342
4310 5432871 5226529 206342 206342
4320 5432871 5226529 206342 206342
4330 5432871 5226529 206342 206342
4340 5432871 5226529 206342 206342
4350 5432871 5226529 206342 206342
4360 5432871 5226529 206342 206342
4370 5432871 5226529 206342 206342
4380 5432871 5226529 206342 206342
4390 5432871 5226529 206342 206342
4400 5432871 5226529 206342 206342
4410 5432871 5226529 206342 206342
4420 5432871 5226529 206342 206342
4430 5432871 5226529 206342 206342
4440 5432871 5226529 206342 206342
4450 5432871 5226529 206342 206342
4460 5432871 5226529 206342 206342
4470 5432871 5226529 206342 206342
4480 5432871 5226529 206342 206342
4490 5432871 5226529 206342 206342
4500 5432871 5226529 206342 206342
4510 5432871 5226529 206342 206342
4520 5432871 5226529 206342 206342
4530 5432871 5226529 206342 206342
4540 5432871 5226529 206342 206342
4550 5432871 5226529 206342 206342
4560 5432871 5226529 206342 206342
4570 5432871 5226529 206342 206342
4580 5432871 5226529 206342 206342
4590 5432871 5226529 206342 206342
4600 5432871 5226529 206342 206342
4610 5432871 5226529 206342 206342
4620 5432871 5226529 206342 206342
4630 5432871 5226529 206342 206342
4640 5432871 5226529 206342 206342
4650 5432871 5226529 206342 206342
4660 5432871 5226529 206342 206342
4670 5432871 5226529 206342 206342
4680 5432871 5226529 206342 206342
4690 5432871 5226529 206342 206342
4700 5432871 5226529 206342 206342
4710 5432871 5226529 206342 206342
4720 5432871 5226529 206342 206342
4730 5432871 5226529 206342 206342
4740 5432871 5226529 206342 206342
4750 5432871 5226529 206342 206342
4760 5432871 5226529 206342 206342
4770 5432871 5226529 206342 206342
4780 5432871 5226529 206342 206342
4790 5432871 5226529 206342 206342
4800 5432871 5226529 206342 206342
4810 5432871 5226529 206342 206342
4820 5432871 5226529 206342 206342
4830 5432871 5226529 206342 206342
4840 5432871 5226529 206342 206342
4850 5432871 5226529 206342 206342
4860 5432871 5226529 206342 206342
4870 5432871 5226529 206342 206342
4880 5432871 5226529 206342 206342
4890 5432871 5226529 206342 206342
4900 5432871 5226529 206342 206342
4910 5432871 5226529 206342 206342
4920 5432871 5226529 206342 206342
4930 5432871 5226529 206342 206342
4940 5432871 5226529 206342 206342
4950 5432871 5226529 206342 206342
4960 5432871 5226529 206342 206342
4970 5432871 5226529 206342 206342
4980 5432871 5226529 206342 206342
4990 5432871 5226529 206342 206342
5000 5432871 5226529 206342 206342
5010 5432871 5226529 206342 206342
5020 5432871 5226529 206342 206342
5030 5432871 5226529 206342 206342
5040 5432871 5226529 206342 206342
5050 5432871 5226529 206342 206342
5060 5432871 5226529 206342 206342
5070 5432871 5226529 206342 206342
5080 5432871 5226529 206342 206342
5090 5432871 5226529 206342 206342
5100 5432871 5226529 206342 206342
5110 5432871 5226529 206342 206342
5120 5432871 5226529 206342 206342
5130 5432871 5226529 206342 206342
5140 5432871 5226529 206342 206342
5150 5432871 5226529 206342 206342
5160 5432871 5226529 206342 206342
5170 5432871 5226529 206342 206342
5180 5432871 5226529 206342 206342
5190 5432871 5226529 206342 206342
5200 5432871 5226529 206342 206342
5210 5432871 5226529 206342 206342
5220 5432871 5226529 206342 206342
5230 5432871 5226529 206342 206342
5240 5432871 5226529 206342 206342
5250 5432871 5226529 206342 206342
5260 5432871 5226529 206342 206342
5270 5432871 5226529 206342 206342
5280 5432871 5226529 206342 206342
5290 5432871 5226529 206342 206342
5300 5432871 5226529 206342 206342
5310 5432871 5226529 206342 206342
5320 5432871 5226529 206342 206342
5330 5432871 5226529 206342 206342
5340 5432871 5226529 206342 206342
5350 5432871 5226529 206342 206342
5360 5432871 5226529 206342 206342
5370 5432871 5226529 206342 206342
5380 5432871 5226529 206342 206342
5390 5432871 5226529 206342 206342
5400 5432871 5226529 206342 206342
5410 5432871 5226529 206342 206342
5420 5432871 5226529 206342 206342
5430 5432871 5226529 206342 206342
5440 5432871 5226529 206342 206342
5450 5432871 5226529 206342 206342
5460 5432871 5226529 206342 206342
5470 5432871 5226529 206342 206342
5480 5432871 5226529 206342 206342
5490 5432871 5226529 206342 206342
5500 5432871 5226529 206342 206342
5510 5432871 5226529 206342 206342
5520 5432871 5226529 206342 206342
5530 5432871 5226529 206342 206342
5540 5432871 5226529 206342 206342
5550 5432871 5226529 206342 206342
5560 5432871 5226529 206342 206342
5570 5432871 5226529 206342 206342
5580 5432871 5226529 206342 206342
5590 5432871 5226529 206342 206342
5600 5432871 5226529 206342 206342
5610 5432871 5226529 206342 206342
5620 5432871 5226529 206342 206342
5630 5432871 5226529 206342 206342
5640 5432871 5226529 206342 206342
5650 5432871 5226529 206342 206342
5660 5432871 5226529 206342 206342
5670 5432871 5226529 206342 206342
5680 5432871 5226529 206342 206342
5690 5432871 5226529 206342 206342
5700 5432871 5226529 206342 206342
5710 5432871 5226529 206342 206342
5720 5432871 5226529 206342 206342
5730 5432871 5226529 206342 206342
5740 5432871 5226529 206342 206342
5750 5432871 5226529 206342 206342
5760 5432871 5226529 206342 206342
5770 5432871 5226529 206342 206342
5780 5432871 5226529 206342 206342
5790 5432871 5226529 206342 206342
5800 5432871 5226529 206342 206342
5810 5432871 5226529 206342 206342
5820 5432871 5226529 206342 206342
5830 5432871 5226529 206342 206342
5840 5432871 5226529 206342 206342
5850 5432871 5226529 206342 206342
5860 5432871 5226529 206342 206342
5870 5432871 5226529 206342 206342
5880 5432871 5226529 206342 206342
5890 5432871 5226529 206342 206342
5900 5432871 5226529 206342 206342
5910 5432871 5226529 206342 206342
5920 5432871 5226529 206342 206342
5930 5432871 5226529 206342 206342
5940 5432871 5226529 206342 206342
5950 5432871 5226529 206342 206342
5960 5432871 5226529 206342 206342
5970 5432871 5226529 206342 206342
5980 5432871 5226529 206342 206342
5990 5432871 5226529 206342 206342
6000 5432871 5226529 206342 206342
6010 5432871 5226529 206342 206342
6020 5432871 5226529 206342 206342
6030 5432871 5226529 206342 206342
6040 5432871 5226529 206342 206342
6050 5432871 5226529 206342 206342
6060 5432871 5226529 206342 206342
6070 5432871 5226529 206342 206342
6080 5432871 5226529 206342 206342
6090 5432871 5226529 206342 206342
6100 5432871 5226529 206342 206342
6110 5432871 5226529 206342 206342
6120 5432871 5226529 206342 206342
6130 5432871 5226529 206342 206342
6140 5432871 5226529 206342 206342
6150 5432871 5226529 206342 206342
6160 5432871 5226529 206342 206342
6170 5432871 5226529 206342 206342
6180 5432871 5226529 206342 206342
6190 5432871 5226529 206342 206342
6200 5432871 5226529 206342 206342
6210 5432871 5226529 206342 206342
6220 5432871 5226529 206342 206342
6230 5432871 5226529 206342 206342
6240 5432871 5226529 206342 206342
6250 5432871 5226529 206342 206342
6260 5432871 5226529 206342 206342
6270 5432871 5226529 206342 206342
6280 5432871 5226529 206342 206342
6290 5432871 5226529 206342 206342
6300 5432871 5226529 206342 206342
6310 5432871 5226529 206342 206342
6320 5432871 5226529 206342 206342
6330 5432871 5226529 206342 206342
6340 5432871 5226529 206342 206342
6350 5432871 5226529 206342 206342
6360 5432871 5226529 206342 206342
6370 5432871 5226529 206342 206342
6380 5432871 5226529 206342 206342
6390 5432871 5226529 206342 206342
6400 5432871 5226529 206342 206342
6410 5432871 5226529 206342 206342
6420 5432871 5226529 206342 206342
6430 5432871 5226529 206342 206342
6440 5432871 5226529 206342 206342
6450 5432871 5226529 206342 206342
6460 5432871 5226529 206342 206342
6470 5432871 5226529 206342 206342
6480 5432871 5226529 206342 206342
6490 5432871 5226529 206342 206342
6500 5432871 5226529 206342 206342
6510 5432871 5226529 206342 206342
6520 5432871 5226529 206342 206342
6530 5432871 5226529 206342 206342
6540 5432871 5226529 206342 206342
6550 5432871 5226529 206342 206342
6560 5432871 5226529 206342 206342
6570 5432871 5226529 206342 206342
6580 5432871 5226529 206342 206342
6590 5432871 5226529 206342 206342
6600 5432871 5226529 206342 206342
6610 5432871 5226529 206342 206342
6620 5432871 5226529 206342 206342
6630 5432871 5226529 206342 206342
6640 5432871 5226529 206342 206342
6650 5432871 5226529 206342 206342
6660 5432871 5226529 206342 206342
6670 5432871 5226529 206342 206342
6680 5432871 5226529 206342 206342
6690 5432871 5226529 206342 206342
6700 5432871 5226529 206342 206342
6710 5432871 5226529 206342 206342
6720 5432871 5226529 206342 206342
6730 5432871 5226529 206342 206342
6740 5432871 5226529 206342 206342
6750 5432871 5226529 206342 206342
6760 5432871 5226529 206342 206342
6770 5432871 5226529 206342 206342
6780 5432871 5226529 206342 206342
6790 5432871 5226529 206342 206342
6800 5432871 5226529 206342 206342
6810 5432871 5226529 206342 206342
6820 5432871 5226529 206342 206342
6830 5432871 5226529 206342 206342
6840 5432871 5226529 206342 206342
6850 5432871 5226529 206342 206342
6860 5432871 5226529 206342 206342
6870 5432871 5226529 206342 206342
6880 5432871 5226529 206342 206342
6890 5432871 5226529 206342 206342
6900 5432871 5226529 206342 206342
6910 5432871 5226529 206342 206342
6920 5432871 5226529 206342 206342
6930 5432871 5226529 206342 206342
6940 5432871 5226529 206342 206342
6950 5432871 5226529 206342 206342
6960 5432871 5226529 206342 206342
6970 5432871 5226529 206342 206342
6980 5432871 5226529 206342 206342
6990 5432871 5226529 206342 206342
7000 5432871 5226529 206342 206342
7010 5432871 5226529 206342 206342
7020 5432871 5226529 206342 206342
7030 5432871 5226529 206342 206342
7040 5432871 5226529 206342 206342
7050 5432871 5226529 206342 206342
7060 5432871 5226529 206342 206342
7070 5432871 5226529 206342 206342
7080 5432871 5226529 206342 206342
7090 5432871 5226529 206342 206342
7100 5432871 5226529 206342 206342
7110 5432871 5226529 206342 206342
7120 5432871 5226529 206342 206342
7130 5432871 5226529 206342 206342
7140 5432871 5226529 206342 206342
7150 5432871 5226529 206342 206342
7160 5432871 5226529 206342 206342
7170 5432871 5226529 206342 206342
7180 5432871 5226529 206342 206342
7190 5432871 5226529 206342 206342
7200 5432871 5226529 206342 206342
7210 5432871 5226529 206342 206342
7220 5432871 5226529 206342 206342
7230 5432871 5226529 206342 206342
7240 5432871 5226529 206342 206342
7250 5432871 5226529 206342 206342
7260 5432871 5226529 206342 206342
7270 5432871 5226529 206342 206342
7280 5432871 5226529 206342 206342
7290 5432871 5226529 206342 206342
7300 5432871 5226529 206342 206342
7310 5432871 5226529 206342 206342
7320 5432871 5226529 206342 206342
7330 5432871 5226529 206342 206342
7340 5432871 5226529 206342 206342
7350 5432871 5226529 206342 206342
7360 5432871 5226529 206342 206342
7370 5432871 5226529 206342 206342
7380 5432871 5226529 206342 206342
7390 5432871 5226529 206342 206342
7400 5432871 5226529 206342 206342
7410 5432871 5226529 206342 206342
7420 5432871 5226529 206342 206342
7430 5432871 5226529 206342 206342
7440 5432871 5226529 206342 206342
7450 5432871 5226529 206342 206342
7460 5432871 5226529 206342 206342
7470 5432871 5226529 206342 206342
7480 5432871 5226529 206342 206342
7490 5432871 5226529 206342 206342
7500 5432871 5226529 206342 206342
7510 5432871 5226529 206342 206342
7520 5432871 5226529 206342 206342
7530 5432871 5226529 206342 206342
7540 5432871 5226529 206342 206342
7550 5432871 5226529 206342 206342
7560 5432871 5226529 206342 206342
7570 5432871 5226529 206342 206342
7580 5432871 5226529 206342 206342
7590 5432871 5226529 206342 206342
7600 5432871 5226529 206342 206342
7610 5432871 5226529 206342 206342
7620 5432871 5226529 206342 206342
7630 5432871 5226529 206342 206342
7640 5432871 5226529 206342 206342
7650 5432871 5226529 206342 206342
7660 5432871 5226529 206342 206342
7670 5432871 5226529 206342 206342
7680 5432871 5226529 206342 206342
7690 5432871 5226529 206342 206342
7700 5432871 5226529 206342 206342
7710 5432871 5226529 206342 206342
7720 5432871 5226529 206342 206342
7730 5432871 5226529 206342 206342
7740 5432871 5226529 206342 206342
7750 5432871 5226529 206342 206342
7760 5432871 5226529 206342 206342
7770 5432871 5226529 206342 206342
7780 5432871 5226529 206342 206342
7790 5432871 5226529 206342 206342
7800 5432871 5226529 206342 206342
7810 5432871 5226529 206342 206342
7820 5432871 5226529 206342 206342
7830 5432871 5226529 206342 206342
7840 5432871 5226529 206342 206342
7850 5432871 5226529 206342 206342
7860 5432871 5226529 206342 206342
7870 5432871 5226529 206342 206342
7880 5432871 5226529 206342 206342
7890 5432871 5226529 206342 206342
7900 5432871 5226529 206342 206342
7910 5432871 5226529 206342 206342
7920 5432871 5226529 206342 206342
7930 5432871 5226529 206342 206342
7940 5432871 5226529 206342 206342
7950 5432871 5226529 206342 206342
7960 5432871 5226529 206342 206342
7970 5432871 5226529 206342 206342
7980 5432871 5226529 206342 206342
7990 5432871 5226529 206342 206342
8000 5432871 5226529 206342 206342
8010 5432871 5226529 206342 206342
8020 5432871 5226529 206342 206342
8030 5432871 5226529 206342 206342
8040 5432871 5226529 206342 206342
8050 5432871 5226529 206342 206342
8060 5432871 5226529 206342 206342
8070 5432871 5226529 206342 206342
8080 5432871 5226529 206342 206342
8090 5432871 5226529 206342 206342
8100 5432871 5226529 206342 206342
8110 5432871 5226529 206342 206342
8120 5432871 5226529 206342 206342
8130 5432871 5226529 206342 206342
8140 5432871 5226529 206342 206342
8150 5432871 5226529 206342 206342
8160 5432871 5226529 206342 206342
8170 5432871 5226529 206342 206342
8180 5432871 5226529 206342 206342
8190 5432871 5226529 206342 206342
8200 5432871 5226529 206342 206342
8210 5432871 5226529 206342 206342
8220 5432871 5226529 206342 206342
8230 5432871 5226529 206342 206342
8240 5432871 5226529 206342 206342
8250 5432871 5226529 206342 206342
8260 5432871 5226529 206342 206342
8270 5432871 5226529 206342 206342
8280 5432871 5226529 206342 206342
8290 5432871 5226529 206342 206342
8300 5432871 5226529 206342 206342
8310 5432871 5226529 206342 206342
8320 5432871 5226529 206342 206342
8330 5432871 5226529 206342 206342
8340 5432871 5226529 206342 206342
8350 5432871 5226529 206342 206342
8360 5432871 5226529 206342 206342
8370 5432871 5226529 206342 206342
8380 5432871 5226529 206342 206342
8390 5432871 5226529 206342 206342
8400 5432871 5226529 206342 206342
8410 5432871 5226529 206342 206342
8420 5432871 5226529 206342 206342
8430 5432871 5226529 206342 206342
8440 5432871 5226529 206342 206342
8450 5432871 5226529 206342 206342
8460 5432871 5226529 206342 206342
8470 5432871 5226529 206342 206342
8480 5432871 5226529 206342 206342
8490 5432871 5226529 206342 206342
8500 5432871 5226529 206342 206342
8510 5432871 5226529 206342 206342
8520 5432871 5226529 206342 206342
8530 5432871 5226529 206342 206342
8540 5432871 5226529 206342 206342
8550 5432871 5226529 206342 206342
8560 5432871 5226529 206342 206342
8570 5432871 5226529 206342 206342
8580 5432871 5226529 206342 206342
8590 5432871 5226529 206342 206342
8600 5432871 5226529 206342 206342
8610 5432871 5226529 206342 206342
8620 5432871 5226529 206342 206342
8630 5432871 5226529 206342 206342
8640 5432871 5226529 206342 206342
8650 5432871 5226529 206342 206342
8660 5432871 5226529 206342 206342
8670 5432871 5226529 206342 206342
8680 5432871 5226529 206342 206342
8690 5432871 5226529 206342 206342
8700 5432871 5226529 206342 206342
8710 5432871 5226529 206342 206342
8720 5432871 5226529 206342 206342
8730 5432871 5226529 206342 206342
8740 5432871 5226529 206342 206342
8750 5432871 5226529 206342 206342
8760 5432871 5226529 206342 206342
8770 5432871 5226529 206342 206342
8780 5432871 5226529 206342 206342
8790 5432871 5226529 206342 206342
8800 5432871 5226529 206342 206342
8810 5432871 5226529 206342 206342
8820 5432871 5226529 206342 206342
8830 5432871 5226529 206342 206342
8840 5432871 5226529 206342 206342
8850 5432871 5226529 206342 206342
8860 5432871 5226529 206342 206342
8870 5432871 5226529 206342 206342
8880 5432871 5226529 206342 206342
8890 5432871 5226529 206342 206342
8900 5432871 5226529 206342 206342
8910 5432871 5226529 206342 206342
8920 5432871 5226529 206342 206342
8930 5432871 5226529 206342 206342
8940 5432871 5226529 206342 206342
8950 5432871 5226529 206342 206342
8960 5432871 5226529 206342 206342
8970 5432871 5226529 206342 206342
8980 5432871 5226529 206342 206342
8990 5432871 5226529 206342 206342
9000 5432871 5226529 206342 206342
9010 5432871 5226529 206342 206342
9020 5432871 5226529 206342 206342
9030 5432871 5226529 206342 206342
9040 5432871 5226529 206342 206342
9050 5432871 5226529 206342 206342
9060 5432871 5226529 206342 206342
9070 5432871 5226529 206342 206342
9080 5432871 5226529 206342 206342
9090 5432871 5226529 206342 206342
9100 5432871 5226529 206342 206342
9110 5432871 5226529 206342 206342
9120 5432871 5226529 206342 206342
9130 5432871 5226529 206342 206342
9140 5432871 5226529 206342 206342
9150 5432871 5226529 206342 206342
9160 5432871 5226529 206342 206342
9170 5432871 5226529 206342 206342
9180 5432871 5226529 206342 206342
9190 5432871 5226529 206342 206342
9200 5432871 5226529 206342 206342
9210 5432871 5226529 206342 206342
9220 5432871 5226529 206342 206342
9230 5432871 5226529 206342 206342
9240 5432871 5226529 206342 206342
9250 5432871 5226529 206342 206342
9260 5432871 5226529 206342 206342
9270 5432871 5226529 206342 206342
9280 5432871 5226529 206342 206342
9290 5432871 5226529 206342 206342
9300 5432871 5226529 206342 206342
9310 5432871 5226529 206342 206342
9320 5432871 5226529 206342 206342
9330 5432871 5226529 206342 206342
9340 5432871 5226529 206342 206342
9350 5432871 5226529 206342 206342
9360 5432871 5226529 206342 206342
9370 5432871 5226529 206342 206342
9380 5432871 5226529 206342 206342
9390 5432871 5226529 206342 206342
9400 5432871 5226529 206342 206342
9410 5432871 5226529 206342 206342
9420 5432871 5226529 206342 206342
9430 5432871 5226529 206342 206342
9440 5432871 5226529 206342 206342
9450 5432871 5226529 206342 206342
9460 5432871 5226529 206342 206342
9470 5432871 5226529 206342 206342
9480 5432871 5226529 206342 206342
9490 5432871 5226529 206342 206342
9500 5432871 5226529 206342 206342
9510 5432871 5226529 206342 206342
9520 5432871 5226529 206342 206342
9530 5432871 5226529 206342 206342
9540 5432871 5226529 206342 206342
9550 5432871 5226529 206342 206342
9560 5432871 5226529 206342 206342
9570 5432871 5226529 206342 206342
9580 5432871 5226529 206342 206342
9590 5432871 5226529 206342 206342
9600 5432871 5226529 206342 206342
9610 5432871 5226529 206342 206342
9620 5432871 5226529 206342 206342
9630 5432871 5226529 206342 206342
9640 5432871 5226529 206342 206342
9650 5432871 5226529 206342 206342
9660 5432871 5226529 206342 206342
9670 5432871 5226529 206342 206342
9680 5432871 5226529 206342 206342
9690 5432871 5226529 206342 206342
9700 5432871 5226529 206342 206342
9710 5432871 5226529 206342 206342
9720 5432871 5226529 206342 206342
9730 5432871 5226529 206342 206342
9740 5432871 5226529 206342 206342
9750 5432871 5226529 206342 206342
9760 5432871 5226529 206342 206342
9770 5432871 5226529 206342 206342
9780 5432871 5226529 206342 206342
9790 5432871 5226529 206342 206342
9800 5432871 5226529 206342 206342
9810 5432871 5226529 206342 206342
9820 5432871 5226529 206342 206342
9830 5432871 5226529 206342 206342
9840 5432871 5226529 206342 206342
9850 5432871 5226529 206342 206342
9860 5432871 5226529 206342 206342
9870 5432871 5226529 206342 206342
9880 5432871 5226529 206342 206342
9890 5432871 5226529 206342 206342
9900 5432871 5226529 206342 206342
9910 5432871 5226529 206342 206342
9920 5432871 5226529 206342 206342
9930 5432871 5226529 206342 206342
9940 5432871 5226529 206342 206342
9950 5432871 5226529 206342 206342
9960 5432871 5226529 206342 206342
9970 5432871 5226529 206342 206342
9980 5432871 5226529 206342 206342
9990 5432871 5226529 206342 206342
10000 5432871 5226529 206342 206342
10010 5432871 5226529 206342 206342
10020 5432871 5226529 206342 206342
10030 5432871 5226529 206342 206342
10040 5432871 5226529 206342 206342
10050 5432871 5226529 206342 206342
10060 5432871 5226529 206342 206342
10070 5432871 5226529 206342 206342
10080 5432871 5226529 206342 206342
10090 5432871 5226529 206342 206342
10100 5432871 5226529 206342 206342
10110 5432871 5226529 206342 206342
10120 5432871 5226529 206342 206342
10130 5432871 5226529 206342 206342
10140 5432871 5226529 206342 206342
10150 5432871 5226529 206342 206342
10160 5432871 5226529 206342 206342
10170 5432871 5226529 206342 206342
10180 5432871 5226529 206342 206342
10190 5432871 5226529 206342 206342
10200 5432871 5226529 206342 206342
10210 5432871 5226529 206342 206342
10220 5432871 5226529 206342 206342
10230 5432871 5226529 206342 206342
10240 5432871 5226529 206342 206342
10250 5432871 5226529 206342 206342
10260 5432871 5226529 206342 206342
10270 5432871 5226529 206342 206342
10280 5432871 5226529 206342 206342
10290 5432871 5226529 206342 206342
10300 5432871 5226529 206342 206342
10310 5432871 5226529 206342 206342
10320 5432871 5226529 206342 206342
10330 5432871 5226529 206342 206342
10340 5432871 5226529 206342 206342
10350 5432871 5226529 206342 206342
10360 5432871 5226529 206342 206342
10370 5432871 5226529 206342 206342
10380 5432871 5226529 206342 206342
10390 5432871 5226529 206342 206342
10400 5432871 5226529 206342 206342
10410 5432871 5226529 206342 206342
10420 5432871 5226529 206342 206342
10430 5432871 5226529 206342 206342
10440 5432871 5226529 206342 206342
10450 5432871 5226529 206342 206342
10460 5432871 5226529 206342 206342
10470 5432871 5226529 206342 206342
10480 5432871 5226529 206342 206342
10490 5432871 5226529 206342 206342
10500 5432871 5226529 206342 206342
10510 5432871 5226529 206342 206342
10520 5432871 5226529 206342 206342
10530 5432871 5226529 206342 206342
10540 5432871 5226529 206342 206342
10550 5432871 5226529 206342 206342
10560 5432871 5226529 206342 206342
10570 5432871 5226529 206342 206342
10580 5432871 5226529 206342 206342
10590 5432871 5226529 206342 206342
10600 5432871 5226529 206342 206342
10610 5432871 5226529 206342 206342
10620 5432871 5226529 206342 206342
10630 5432871 5226529 206342 206342
10640 5432871 5226529 206342 206342
10650 5432871 5226529 206342 206342
10660 5432871 5226529 206342 206342
10670 5432871 5226529 206342 206342
10680 5432871 5226529 206342 206342
10690 5432871 5226529 206342 206342
10700 5432871 5226529 206342 206342
10710 5432871 5226529 206342 206342
10720 5432871 5226529 206342 206342
10730 5432871 5226529 206342 206342
10740 5432871 5226529 206342 206342
10750 5432871 5226529 206342 206342
10760 5432871 5226529 206342 206342
10770 5432871 5226529 206342 206342
10780 5432871 5226529 206342 206342
10790 5432871 5226529 206342 206342
10800 5432871 5226529 206342 206342
10810 5432871 5226529 206342 206342
10820 5432871 5226529 206342 206342
10830 5432871 5226529 206342 206342
10840 5432871 5226529 206342 206342
10850 5432871 5226529 206342 206342
10860 5432871 5226529 206342 206342
10870 5432871 5226529 206342 206342
10880 5432871 5226529 206342 206342
10890 5432871 5226529 206342 206342
10900 5432871 5226529 206342 206342
10910 5432871 5226529 206342 206342
10920 5432871 5226529 206342 206342
10930 5432871 5226529 206342 206342
10940 5432871 5226529 206342 206342
10950 5432871 5226529 206342 206342
10960 5432871 5226529 206342 206342
10970 5432871 5226529 206342 206342
10980 5432871 5226529 206342 206342
10990 5432871 5226529 206342 206342
11000 5432871 5226529 206342 206342
11010 5432871 5226529 206342 206342
11020 5432871 5226529 206342 206342
11030 5432871 5226529 206342 206342
11040 5432871 5226529 206342 206342
11050 5432871 5226529 206342 206342
11060 5432871 5226529 206342 206342
11070 5432871 5226529 206342 206342
11080 5432871 5226529 206342 206342
11090 5432871 5226529 206342 206342
11100 5432871 5226529 206342 206342
11110 5432871 5226529 206342 206342
11120 5432871 5226529 206342 206342
11130 5432871 5226529 206342 206342
11140 5432871 5226529 206342 206342
11150 5432871 5226529 206342 206342
11160 5432871 5226529 206342 206342
11170 5432871 5226529 206342 206342
11180 5432871 5226529 206342 206342
11190 5432871 5226529 206342 206342
11200 5432871 5226529 206342 206342
11210 5432871 5226529 206342 206342
11220 5432871 5226529 206342 206342
11230 5432871 5226529 206342 206342
11240 5432871 5226529 206342 206342
11250 5432871 5226529 206342 206342
11260 5432871 5226529 206342 206342
11270 5432871 5226529 206342 206342
11280 5432871 5226529 206342 206342
11290 5432871 5226529 206342 206342
11300 5432871 5226529 206342 206342
11310 5432871 5226529 206342 206342
11320 5432871 5226529 206342 206342
11330 5432871 5226529 206342 206342
11340 5432871 5226529 206342 206342
11350 5432871 5226529 206342 206342
11360 5432871 5226529 206342 206342
11370 5432871 5226529 206342 206342
11380 5432871 5226529 206342 206342
11390 5432871 5226529 206342 206342
11400 5432871 5226529 206342 206342
11410 5432871 5226529 206342 206342
11420 5432871 5226529 206342 206342
11430 5432871 5226529 206342 206342
11440 5432871 5226529 206342 206342
11450 5432871 5226529 206342 206342
11460 5432871 5226529 206342 206342
11470 5432871 5226529 206342 206342
11480 5432871 5226529 206342 206342
11490 5432871 5226529 206342 206342
11500 5432871 5226529 206342 206342
11510 5432871 5226529 206342 206342
11520 5432871 5226529 206342 206342
11530 5432871 5226529 206342 206342
11540 5432871 5226529 206342 206342
11550 5432871 5226529 206342 206342
11560 5432871 5226529 206342 206342
11570 5432871 5226529 206342 206342
11580 5432871 5226529 206342 206342
11590 5432871 5226529 206342 206342
11600 5432871 5226529 206342 206342
11610 5432871 5226529 206342 206342
11620 5432871 5226529 206342 206342
11630 5432871 5226529 206342 206342
11640 5432871 5226529 206342 206342
11650 5432871 5226529 206342 206342
11660 5432871 5226529 206342 206342
11670 5432871 5226529 206342 206342
11680 5432871 5226529 206342 206342
11690 5432871 5226529 206342 206342
11700 5432871 5226529 206342 206342
11710 5432871 5226529 206342 206342
11720 5432871 5226529 206342 206342
11730 5432871 5226529 206342 206342
11740 5432871 5226529 206342 206342
11750 5432871 5226529 206342 206342
11760 5432871 5226529 206342 206342
11770 5432871 5226529 206342 206342
11780 5432871 5226529 206342 206342
11790 5432871 5226529 206342 206342
11800 5432871 5226529 206342 206342
11810 5432871 5226529 206342 206342
11820 5432871 5226529 206342 206342
11830 5432871 5226529 206342 206342
11840 5432871 5226529 206342 206342
11850 5432871 5226529 206342 206342
11860 5432871 5226529 206342 206342
11870 5432871 5226529 206342 206342
11880 5432871 5226529 206342 206342
11890 5432871 5226529 206342 206342
11900 5432871 5226529 206342 206342
11910 5432871 5226529 206342 206342
11920 5432871 5226529 206342 206342
11930 5432871 5226529 206342 206342
11940 5432871 5226529 206342 206342
11950 5432871 5226529 206342 206342
11960 5432871 5226529 206342 206342
11970 5432871 5226529 206342 206342
11980 5432871 5226529 206342 206342
11990 5432871 5226529 206342 206342
12000 5432871 5226529 206342 206342
12010 5432871 5226529 206342 206342
12020 5432871 5226529 206342 206342
12030 5432871 5226529 206342 206342
12040 5432871 5226529 206342 206342
12050 5432871 5226529 206342 206342
12060 5432871 5226529 206342 206342
12070 5432871 5226529 206342 206342
12080 5432871 5226529 206342 206342
12090 5432871 5226529 206342 206342
12100 5432871 5226529 206342 206342
12110 5432871 5226529 206342 206342
12120 5432871 5226529 206342 206342
12130 5432871 5226529 206342 206342
12140 5432871 5226529 206342 206342
12150 5432871 5226529 206342 206342
12160 5432871 5226529 206342 206342
12170 5432871 5226529 206342 206342
12180 5432871 5226529 206342 206342
12190 5432871 5226529 206342 206342
12200 5432871 5226529 206342 206342
12210 5432871 5226529 206342 206342
12220 5432871 5226529 206342 206342
12230 5432871 5226529 206342 206342
12240 5432871 5226529 206342 206342
12250 5432871 5226529 206342 206342
12260 5432871 5226529 206342 206342
12270 5432871 5226529 206342 206342
12280 5432871 5226529 206342 206342
12290 5432871 5226529 206342 206342
12300 5432871 5226529 206342 206342
12310 5432871 5226529 206342 206342
12320 5432871 5226529 206342 206342
12330 5432871 5226529 206342 206342
12340 5432871 5226529 206342 206342
12350 5432871 5226529 206342 206342
12360 5432871 5226529 206342 206342
12370 5432871 5226529 206342 206342
12380 5432871 5226529 206342 206342
12390 5432871 5226529 206342 206342
12400 5432871 5226529 206342 206342
12410 5432871 5226529 206342 206342
12420 5432871 5226529 206342 206342
12430 5432871 5226529 206342 206342
12440 5432871 5226529 206342 206342
12450 5432871 5226529 206342 206342
12460 5432871 5226529 206342 206342
12470 5432871 5226529 206342 206342
12480 5432871 5226529 206342 206342
12490 5432871 5226529 206342 206342
12500 5432871 5226529 206342 206342
12510 5432871 5226529 206342 206342
12520 5432871 5226529 206342 206342
12530 5432871 5226529 206342 206342
12540 5432871 5226529 206342 206342
12550 5432871 5226529 206342 206342
12560 5432871 5226529 206342 206342
12570 5432871 5226529 206342 206342
12580 5432871 5226529 206342 206342
12590 5432871 5226529 206342 206342
12600 5432871 5226529 206342 206342
12610 5432871 5226529 206342 206342
12620 5432871 5226529 206342 206342
12630 5432871 5226529 206342 206342
12640 5432871 5226529 206342 206342
12650 5432871 5226529 206342 206342
12660 5432871 5226529 206342 206342
12670 5432871 5226529 206342 206342
12680 5432871 5226529 206342 206342
12690 5432871 5226529 206342 206342
12700 5432871 5226529 206342 206342
12710 5432871 5226529 206342 206342
12720 5432871 5226529 206342 206342
12730 5432871 5226529 206342 206342
12740 5432871 5226529 206342 206342
12750 5432871 5226529 206342 206342
12760 5432871 5226529 206342 206342
12770 5432871 5226529 206342 206342
12780 5432871 5226529 206342 206342
12790 5432871 5226529 206342 206342
12800 5432871 5226529 206342 206342
12810 5432871 5226529 206342 206342
12820 5432871 5226529 206342 206342
12830 5432871 5226529 206342 206342
12840 5432871 5226529 206342 206342
12850 5432871 5226529 206342 206342
12860 5432871 5226529 206342 206342
12870 5432871 5226529 206342 206342
12880 5432871 5226529 206342 206342
12890 5432871 5226529 206342 206342
12900 5432871 5226529 206342 206342
12910 5432871 5226529 206342 206342
12920 5432871 5226529 206342 206342
12930 5432871 5226529 206342 206342
12940 5432871 5226529 206342 206342
12950 5432871 5226529 206342 206342
12960 5432871 5226529 206342 206342
12970 5432871 5226529 206342 206342
12980 5432871 5226529 206342 206342
12990 5432871 5226529 206342 206342
13000 5432871 5226529 206342 206342
13010 5432871 5226529 206342 206342
13020 5432871 5226529 206342 206342
13030 5432871 5226529 206342 206342
13040 5432871 5226529 206342 206342
13050 5432871 5226529 206342 206342
13060 5432871 5226529 206342 206342
13070 5432871 5226529 206342 206342
13080 5432871 5226529 206342 206342
13090 5432871 5226529 206342 206342
13100 5432871 5226529 206342 206342
13110 5432871 5226529 206342 206342
13120 5432871 5226529 206342 206342
13130 5432871 5226529 206342 206342
13140 5432871 5226529 206342 206342
13150 5432871 5226529 206342 206342
13160 5432871 5226529 206342 206342
13170 5432871 5226529 206342 206342
13180 5432871 5226529 206342 206342
13190 5432871 5226529 206342 206342
13200 5432871 5226529 206342 206342
13210 5432871 5226529 206342 206342
13220 5432871 5226529 206342 206342
13230 5432871 5226529 206342 206342
13240 5432871 5226529 206342 206342
13250 5432871 5226529 206342 206342
13260 5432871 5226529 206342 206342
13270 5432871 5226529 206342 206342
13280 5432871 5226529 206342 206342
13290 5432871 5226529 206342 206342
13300 5432871 5226529 206342 206342
13310 5432871 5226529 206342 206342
13320 5432871 5226529 206342 206342
13330 5432871 5226529 206342 206342
13340 5432871 5226529 206342 206342
13350 5432871 5226529 206342 206342
13360 5432871 5226529 206342 206342
13370 5432871 5226529 206342 206342
13380 5432871 5226529 206342 206342
13390 5432871 5226529 206342 206342
13400 5432871 5226529 206342 206342
13410 5432871 5226529 206342 206342
13420 5432871 5226529 206342 206342
13430 5432871 5226529 206342 206342
13440 5432871 5226529 206342 206342
13450 5432871 5226529 206342 206342
13460 5432871 5226529 206342 206342
13470 5432871 5226529 206342 206342
13480 5432871 5226529 206342 206342
13490 5432871 5226529 206342 206342
13500 5432871 5226529 206342 206342
13510 5432871 5226529 206342 206342
13520 5432871 5226529 206342 206342
13530 5432871 5226529 206342 206342
13540 5432871 5226529 206342 206342
13550 5432871 5226529 206342 206342
13560 5432871 5226529 206342 206342
13570 5432871 5226529 206342 206342
13580 5432871 5226529 206342 206342
13590 5432871 5226529 206342 206342
13600 5432871 5226529 206342 206342
13610 5432871 5226529 206342 206342
13620 5432871 5226529 206342 206342
13630 5432871 5226529 206342 206342
13640 5432871 5226529 206342 206342
13650 5432871 5226529 206342 206342
13660 5432871 5226529 206342 206342
13670 5432871 5226529 206342 206342
13680 5432871 5226529 206342 206342
13690 5432871 5226529 206342 206342
13700 5432871 5226529 206342 206342
13710 5432871 5226529 206342 206342
13720 5432871 5226529 206342 206342
13730 5432871 5226529 206342 206342
13740 5432871 5226529 206342 206342
13750 5432871 5226529 206342 206342
13760 5432871 5226529 206342 206342
13770 5432871 5226529 206342 206342
13780 5432871 5226529 206342 206342
13790 5432871 5226529 206342 206342
13800 5432871 5226529 206342 206342
13810 5432871 5226529 206342 206342
13820 5432871 5226529 206342 206342
13830 5432871 5226529 206342 206342
13840 5432871 5226529 206342 206342
13850 5432871 5226529 206342 206342
13860 5432871 5226529 206342 206342
13870 5432871 5226529 206342 206342
13880 5432871 5226529 206342 206342
13890 5432871 5226529 206342 206342
13900 5432871 5226529 206342 206342
13910 5432871 5226529 206342 206342
13920 5432871 5226529 206342 206342
13930 5432871 5226529 206342 206342
13940 5432871 5226529 206342 206342

