Optimal path [nodeId(time to the node):
17(0) -> 75(132) -> 61(126) -> 72(140) -> 33(132) -> 19(142) -> 95(126) -> 54(115) -> 73(147) -> 81(132) -> 58(124) -> 53(128) -> 69(149) -> 35(132) -> 4(115) -> 14(141) -> 84(127) -> 0(138) -> 97(145) -> 77(143) -> 99(140) -> 45(133) -> 89(134) -> 74(137) -> 20(137) -> 40(144) -> 48(118) -> 50(138) -> 11(137) -> 32(136) -> 23(126) -> 56(114) -> 42(135) -> 5(130) -> 59(131) -> 38(118) -> 6(138) -> 1(160) -> 64(145) -> 41(135) -> 57(133) -> 10(134) -> 65(139) -> 55(145) -> 82(127) -> 63(134) -> 24(119) -> 13(125) -> 21(135) -> 62(121) -> 18(140) -> 86(130) -> 66(130) -> 39(147) -> 12(134) -> 92(146) -> 83(125) -> 2(157) -> 22(125) -> 90(124) -> 29(151) -> 68(131) -> 3(138) -> 8(140) -> 87(113) -> 76(129) -> 27(124) -> 44(132) -> 91(131) -> 49(135) -> 43(135) -> 85(121) -> 16(123) -> 30(126) -> 36(133) -> 71(127) -> 31(141) -> 98(126) -> 70(118) -> 94(144) -> 52(117) -> 46(133) -> 51(141) -> 37(137) -> 7(121) -> 67(124) -> 88(156) -> 79(129) -> 34(144) -> 60(130) -> 9(126) -> 26(137) -> 80(131) -> 78(133) -> 25(126) -> 47(148) -> 93(125) -> 15(140) -> 28(140) -> 96(129)
Total time of delivery: 13175
The cost function value: 13175

Statistics at the end of simulation: 
Residents: 5432871
Illness cases: 5356265 --> [98.58995363593209%]
Healthy residents: 76606 --> [1.4100463640679117%]
Vaccinated residents76606 --> [1.4100463640679117%]

Statistics of each node: 
id residentsNumber illnessCases healthyResidents vaccinated
17 27216 1 27215 27215
75 26017 51 25966 25966
61 25643 2218 23425 23425
72 90063 90063 0 0
33 13135 13135 0 0
19 87851 87851 0 0
95 71066 71066 0 0
54 69376 69376 0 0
73 49077 49077 0 0
81 89526 89526 0 0
58 16081 16081 0 0
53 61988 61988 0 0
69 66112 66112 0 0
35 96767 96767 0 0
4 56018 56018 0 0
14 81887 81887 0 0
84 70627 70627 0 0
0 59902 59902 0 0
97 86845 86845 0 0
77 28452 28452 0 0
99 28053 28053 0 0
45 46217 46217 0 0
89 68284 68284 0 0
74 81649 81649 0 0
20 48774 48774 0 0
40 31222 31222 0 0
48 13555 13555 0 0
50 30829 30829 0 0
11 84816 84816 0 0
32 59165 59165 0 0
23 20873 20873 0 0
56 80108 80108 0 0
42 68898 68898 0 0
5 15364 15364 0 0
59 83546 83546 0 0
38 33030 33030 0 0
6 12672 12672 0 0
1 49456 49456 0 0
64 22353 22353 0 0
41 91808 91808 0 0
57 39724 39724 0 0
10 95932 95932 0 0
65 70610 70610 0 0
55 88344 88344 0 0
82 15231 15231 0 0
63 51706 51706 0 0
24 37355 37355 0 0
13 61304 61304 0 0
21 82806 82806 0 0
62 19500 19500 0 0
18 16978 16978 0 0
86 26732 26732 0 0
66 26230 26230 0 0
39 32804 32804 0 0
12 79926 79926 0 0
92 24523 24523 0 0
83 46841 46841 0 0
2 43074 43074 0 0
22 73621 73621 0 0
90 80008 80008 0 0
29 15814 15814 0 0
68 42462 42462 0 0
3 57882 57882 0 0
8 45160 45160 0 0
87 20655 20655 0 0
76 31382 31382 0 0
27 80174 80174 0 0
44 15573 15573 0 0
91 32862 32862 0 0
49 19584 19584 0 0
43 79446 79446 0 0
85 44972 44972 0 0
16 82700 82700 0 0
30 67192 67192 0 0
36 85682 85682 0 0
71 23666 23666 0 0
31 69146 69146 0 0
98 93006 93006 0 0
70 36163 36163 0 0
94 76894 76894 0 0
52 63153 63153 0 0
46 73816 73816 0 0
51 94699 94699 0 0
37 51694 51694 0 0
7 29243 29243 0 0
67 37842 37842 0 0
88 37474 37474 0 0
79 84379 84379 0 0
34 28894 28894 0 0
60 91794 91794 0 0
9 60305 60305 0 0
26 26605 26605 0 0
80 67722 67722 0 0
78 57716 57716 0 0
25 67586 67586 0 0
47 98952 98952 0 0
93 39916 39916 0 0
15 78003 78003 0 0
28 91749 91749 0 0
96 73344 73344 0 0

Statistics step by step: 
minute residentsNumber illnessCases healthyResidents vaccinated
0 5432871 100 5432771 27215
10 5432871 100 5432771 27215
20 5432871 100 5432771 27215
30 5432871 199 5432672 27215
40 5432871 298 5432573 27215
50 5432871 397 5432474 27215
60 5432871 595 5432276 27215
70 5432871 793 5432078 27215
80 5432871 991 5431880 27215
90 5432871 1387 5431484 27215
100 5432871 1882 5430989 27215
110 5432871 2575 5430296 27215
120 5432871 3565 5429306 27215
130 5432871 4753 5428118 27215
140 5432871 6422 5426449 53181
150 5432871 8676 5424195 53181
160 5432871 11616 5421255 53181
170 5432871 15732 5417139 53181
180 5432871 21220 5411651 53181
190 5432871 28570 5404301 53181
200 5432871 38468 5394403 53181
210 5432871 51894 5380977 53181
220 5432871 69926 5362945 53181
230 5432871 94230 5338641 53181
240 5432871 127060 5305811 53181
250 5432871 171258 5261613 53181
260 5432871 230608 5202263 76606
270 5432871 310148 5122723 76606
280 5432871 417333 5015538 76606
290 5432871 561766 4871105 76606
300 5432871 756542 4676329 76606
310 5432871 1019024 4413847 76606
320 5432871 1369758 4063113 76606
330 5432871 1812809 3620062 76606
340 5432871 2367502 3065369 76606
350 5432871 3027713 2405158 76606
360 5432871 3783916 1648955 76606
370 5432871 4600708 832163 76606
380 5432871 5260116 172755 76606
390 5432871 5356265 76606 76606
400 5432871 5356265 76606 76606
410 5432871 5356265 76606 76606
420 5432871 5356265 76606 76606
430 5432871 5356265 76606 76606
440 5432871 5356265 76606 76606
450 5432871 5356265 76606 76606
460 5432871 5356265 76606 76606
470 5432871 5356265 76606 76606
480 5432871 5356265 76606 76606
490 5432871 5356265 76606 76606
500 5432871 5356265 76606 76606
510 5432871 5356265 76606 76606
520 5432871 5356265 76606 76606
530 5432871 5356265 76606 76606
540 5432871 5356265 76606 76606
550 5432871 5356265 76606 76606
560 5432871 5356265 76606 76606
570 5432871 5356265 76606 76606
580 5432871 5356265 76606 76606
590 5432871 5356265 76606 76606
600 5432871 5356265 76606 76606
610 5432871 5356265 76606 76606
620 5432871 5356265 76606 76606
630 5432871 5356265 76606 76606
640 5432871 5356265 76606 76606
650 5432871 5356265 76606 76606
660 5432871 5356265 76606 76606
670 5432871 5356265 76606 76606
680 5432871 5356265 76606 76606
690 5432871 5356265 76606 76606
700 5432871 5356265 76606 76606
710 5432871 5356265 76606 76606
720 5432871 5356265 76606 76606
730 5432871 5356265 76606 76606
740 5432871 5356265 76606 76606
750 5432871 5356265 76606 76606
760 5432871 5356265 76606 76606
770 5432871 5356265 76606 76606
780 5432871 5356265 76606 76606
790 5432871 5356265 76606 76606
800 5432871 5356265 76606 76606
810 5432871 5356265 76606 76606
820 5432871 5356265 76606 76606
830 5432871 5356265 76606 76606
840 5432871 5356265 76606 76606
850 5432871 5356265 76606 76606
860 5432871 5356265 76606 76606
870 5432871 5356265 76606 76606
880 5432871 5356265 76606 76606
890 5432871 5356265 76606 76606
900 5432871 5356265 76606 76606
910 5432871 5356265 76606 76606
920 5432871 5356265 76606 76606
930 5432871 5356265 76606 76606
940 5432871 5356265 76606 76606
950 5432871 5356265 76606 76606
960 5432871 5356265 76606 76606
970 5432871 5356265 76606 76606
980 5432871 5356265 76606 76606
990 5432871 5356265 76606 76606
1000 5432871 5356265 76606 76606
1010 5432871 5356265 76606 76606
1020 5432871 5356265 76606 76606
1030 5432871 5356265 76606 76606
1040 5432871 5356265 76606 76606
1050 5432871 5356265 76606 76606
1060 5432871 5356265 76606 76606
1070 5432871 5356265 76606 76606
1080 5432871 5356265 76606 76606
1090 5432871 5356265 76606 76606
1100 5432871 5356265 76606 76606
1110 5432871 5356265 76606 76606
1120 5432871 5356265 76606 76606
1130 5432871 5356265 76606 76606
1140 5432871 5356265 76606 76606
1150 5432871 5356265 76606 76606
1160 5432871 5356265 76606 76606
1170 5432871 5356265 76606 76606
1180 5432871 5356265 76606 76606
1190 5432871 5356265 76606 76606
1200 5432871 5356265 76606 76606
1210 5432871 5356265 76606 76606
1220 5432871 5356265 76606 76606
1230 5432871 5356265 76606 76606
1240 5432871 5356265 76606 76606
1250 5432871 5356265 76606 76606
1260 5432871 5356265 76606 76606
1270 5432871 5356265 76606 76606
1280 5432871 5356265 76606 76606
1290 5432871 5356265 76606 76606
1300 5432871 5356265 76606 76606
1310 5432871 5356265 76606 76606
1320 5432871 5356265 76606 76606
1330 5432871 5356265 76606 76606
1340 5432871 5356265 76606 76606
1350 5432871 5356265 76606 76606
1360 5432871 5356265 76606 76606
1370 5432871 5356265 76606 76606
1380 5432871 5356265 76606 76606
1390 5432871 5356265 76606 76606
1400 5432871 5356265 76606 76606
1410 5432871 5356265 76606 76606
1420 5432871 5356265 76606 76606
1430 5432871 5356265 76606 76606
1440 5432871 5356265 76606 76606
1450 5432871 5356265 76606 76606
1460 5432871 5356265 76606 76606
1470 5432871 5356265 76606 76606
1480 5432871 5356265 76606 76606
1490 5432871 5356265 76606 76606
1500 5432871 5356265 76606 76606
1510 5432871 5356265 76606 76606
1520 5432871 5356265 76606 76606
1530 5432871 5356265 76606 76606
1540 5432871 5356265 76606 76606
1550 5432871 5356265 76606 76606
1560 5432871 5356265 76606 76606
1570 5432871 5356265 76606 76606
1580 5432871 5356265 76606 76606
1590 5432871 5356265 76606 76606
1600 5432871 5356265 76606 76606
1610 5432871 5356265 76606 76606
1620 5432871 5356265 76606 76606
1630 5432871 5356265 76606 76606
1640 5432871 5356265 76606 76606
1650 5432871 5356265 76606 76606
1660 5432871 5356265 76606 76606
1670 5432871 5356265 76606 76606
1680 5432871 5356265 76606 76606
1690 5432871 5356265 76606 76606
1700 5432871 5356265 76606 76606
1710 5432871 5356265 76606 76606
1720 5432871 5356265 76606 76606
1730 5432871 5356265 76606 76606
1740 5432871 5356265 76606 76606
1750 5432871 5356265 76606 76606
1760 5432871 5356265 76606 76606
1770 5432871 5356265 76606 76606
1780 5432871 5356265 76606 76606
1790 5432871 5356265 76606 76606
1800 5432871 5356265 76606 76606
1810 5432871 5356265 76606 76606
1820 5432871 5356265 76606 76606
1830 5432871 5356265 76606 76606
1840 5432871 5356265 76606 76606
1850 5432871 5356265 76606 76606
1860 5432871 5356265 76606 76606
1870 5432871 5356265 76606 76606
1880 5432871 5356265 76606 76606
1890 5432871 5356265 76606 76606
1900 5432871 5356265 76606 76606
1910 5432871 5356265 76606 76606
1920 5432871 5356265 76606 76606
1930 5432871 5356265 76606 76606
1940 5432871 5356265 76606 76606
1950 5432871 5356265 76606 76606
1960 5432871 5356265 76606 76606
1970 5432871 5356265 76606 76606
1980 5432871 5356265 76606 76606
1990 5432871 5356265 76606 76606
2000 5432871 5356265 76606 76606
2010 5432871 5356265 76606 76606
2020 5432871 5356265 76606 76606
2030 5432871 5356265 76606 76606
2040 5432871 5356265 76606 76606
2050 5432871 5356265 76606 76606
2060 5432871 5356265 76606 76606
2070 5432871 5356265 76606 76606
2080 5432871 5356265 76606 76606
2090 5432871 5356265 76606 76606
2100 5432871 5356265 76606 76606
2110 5432871 5356265 76606 76606
2120 5432871 5356265 76606 76606
2130 5432871 5356265 76606 76606
2140 5432871 5356265 76606 76606
2150 5432871 5356265 76606 76606
2160 5432871 5356265 76606 76606
2170 5432871 5356265 76606 76606
2180 5432871 5356265 76606 76606
2190 5432871 5356265 76606 76606
2200 5432871 5356265 76606 76606
2210 5432871 5356265 76606 76606
2220 5432871 5356265 76606 76606
2230 5432871 5356265 76606 76606
2240 5432871 5356265 76606 76606
2250 5432871 5356265 76606 76606
2260 5432871 5356265 76606 76606
2270 5432871 5356265 76606 76606
2280 5432871 5356265 76606 76606
2290 5432871 5356265 76606 76606
2300 5432871 5356265 76606 76606
2310 5432871 5356265 76606 76606
2320 5432871 5356265 76606 76606
2330 5432871 5356265 76606 76606
2340 5432871 5356265 76606 76606
2350 5432871 5356265 76606 76606
2360 5432871 5356265 76606 76606
2370 5432871 5356265 76606 76606
2380 5432871 5356265 76606 76606
2390 5432871 5356265 76606 76606
2400 5432871 5356265 76606 76606
2410 5432871 5356265 76606 76606
2420 5432871 5356265 76606 76606
2430 5432871 5356265 76606 76606
2440 5432871 5356265 76606 76606
2450 5432871 5356265 76606 76606
2460 5432871 5356265 76606 76606
2470 5432871 5356265 76606 76606
2480 5432871 5356265 76606 76606
2490 5432871 5356265 76606 76606
2500 5432871 5356265 76606 76606
2510 5432871 5356265 76606 76606
2520 5432871 5356265 76606 76606
2530 5432871 5356265 76606 76606
2540 5432871 5356265 76606 76606
2550 5432871 5356265 76606 76606
2560 5432871 5356265 76606 76606
2570 5432871 5356265 76606 76606
2580 5432871 5356265 76606 76606
2590 5432871 5356265 76606 76606
2600 5432871 5356265 76606 76606
2610 5432871 5356265 76606 76606
2620 5432871 5356265 76606 76606
2630 5432871 5356265 76606 76606
2640 5432871 5356265 76606 76606
2650 5432871 5356265 76606 76606
2660 5432871 5356265 76606 76606
2670 5432871 5356265 76606 76606
2680 5432871 5356265 76606 76606
2690 5432871 5356265 76606 76606
2700 5432871 5356265 76606 76606
2710 5432871 5356265 76606 76606
2720 5432871 5356265 76606 76606
2730 5432871 5356265 76606 76606
2740 5432871 5356265 76606 76606
2750 5432871 5356265 76606 76606
2760 5432871 5356265 76606 76606
2770 5432871 5356265 76606 76606
2780 5432871 5356265 76606 76606
2790 5432871 5356265 76606 76606
2800 5432871 5356265 76606 76606
2810 5432871 5356265 76606 76606
2820 5432871 5356265 76606 76606
2830 5432871 5356265 76606 76606
2840 5432871 5356265 76606 76606
2850 5432871 5356265 76606 76606
2860 5432871 5356265 76606 76606
2870 5432871 5356265 76606 76606
2880 5432871 5356265 76606 76606
2890 5432871 5356265 76606 76606
2900 5432871 5356265 76606 76606
2910 5432871 5356265 76606 76606
2920 5432871 5356265 76606 76606
2930 5432871 5356265 76606 76606
2940 5432871 5356265 76606 76606
2950 5432871 5356265 76606 76606
2960 5432871 5356265 76606 76606
2970 5432871 5356265 76606 76606
2980 5432871 5356265 76606 76606
2990 5432871 5356265 76606 76606
3000 5432871 5356265 76606 76606
3010 5432871 5356265 76606 76606
3020 5432871 5356265 76606 76606
3030 5432871 5356265 76606 76606
3040 5432871 5356265 76606 76606
3050 5432871 5356265 76606 76606
3060 5432871 5356265 76606 76606
3070 5432871 5356265 76606 76606
3080 5432871 5356265 76606 76606
3090 5432871 5356265 76606 76606
3100 5432871 5356265 76606 76606
3110 5432871 5356265 76606 76606
3120 5432871 5356265 76606 76606
3130 5432871 5356265 76606 76606
3140 5432871 5356265 76606 76606
3150 5432871 5356265 76606 76606
3160 5432871 5356265 76606 76606
3170 5432871 5356265 76606 76606
3180 5432871 5356265 76606 76606
3190 5432871 5356265 76606 76606
3200 5432871 5356265 76606 76606
3210 5432871 5356265 76606 76606
3220 5432871 5356265 76606 76606
3230 5432871 5356265 76606 76606
3240 5432871 5356265 76606 76606
3250 5432871 5356265 76606 76606
3260 5432871 5356265 76606 76606
3270 5432871 5356265 76606 76606
3280 5432871 5356265 76606 76606
3290 5432871 5356265 76606 76606
3300 5432871 5356265 76606 76606
3310 5432871 5356265 76606 76606
3320 5432871 5356265 76606 76606
3330 5432871 5356265 76606 76606
3340 5432871 5356265 76606 76606
3350 5432871 5356265 76606 76606
3360 5432871 5356265 76606 76606
3370 5432871 5356265 76606 76606
3380 5432871 5356265 76606 76606
3390 5432871 5356265 76606 76606
3400 5432871 5356265 76606 76606
3410 5432871 5356265 76606 76606
3420 5432871 5356265 76606 76606
3430 5432871 5356265 76606 76606
3440 5432871 5356265 76606 76606
3450 5432871 5356265 76606 76606
3460 5432871 5356265 76606 76606
3470 5432871 5356265 76606 76606
3480 5432871 5356265 76606 76606
3490 5432871 5356265 76606 76606
3500 5432871 5356265 76606 76606
3510 5432871 5356265 76606 76606
3520 5432871 5356265 76606 76606
3530 5432871 5356265 76606 76606
3540 5432871 5356265 76606 76606
3550 5432871 5356265 76606 76606
3560 5432871 5356265 76606 76606
3570 5432871 5356265 76606 76606
3580 5432871 5356265 76606 76606
3590 5432871 5356265 76606 76606
3600 5432871 5356265 76606 76606
3610 5432871 5356265 76606 76606
3620 5432871 5356265 76606 76606
3630 5432871 5356265 76606 76606
3640 5432871 5356265 76606 76606
3650 5432871 5356265 76606 76606
3660 5432871 5356265 76606 76606
3670 5432871 5356265 76606 76606
3680 5432871 5356265 76606 76606
3690 5432871 5356265 76606 76606
3700 5432871 5356265 76606 76606
3710 5432871 5356265 76606 76606
3720 5432871 5356265 76606 76606
3730 5432871 5356265 76606 76606
3740 5432871 5356265 76606 76606
3750 5432871 5356265 76606 76606
3760 5432871 5356265 76606 76606
3770 5432871 5356265 76606 76606
3780 5432871 5356265 76606 76606
3790 5432871 5356265 76606 76606
3800 5432871 5356265 76606 76606
3810 5432871 5356265 76606 76606
3820 5432871 5356265 76606 76606
3830 5432871 5356265 76606 76606
3840 5432871 5356265 76606 76606
3850 5432871 5356265 76606 76606
3860 5432871 5356265 76606 76606
3870 5432871 5356265 76606 76606
3880 5432871 5356265 76606 76606
3890 5432871 5356265 76606 76606
3900 5432871 5356265 76606 76606
3910 5432871 5356265 76606 76606
3920 5432871 5356265 76606 76606
3930 5432871 5356265 76606 76606
3940 5432871 5356265 76606 76606
3950 5432871 5356265 76606 76606
3960 5432871 5356265 76606 76606
3970 5432871 5356265 76606 76606
3980 5432871 5356265 76606 76606
3990 5432871 5356265 76606 76606
4000 5432871 5356265 76606 76606
4010 5432871 5356265 76606 76606
4020 5432871 5356265 76606 76606
4030 5432871 5356265 76606 76606
4040 5432871 5356265 76606 76606
4050 5432871 5356265 76606 76606
4060 5432871 5356265 76606 76606
4070 5432871 5356265 76606 76606
4080 5432871 5356265 76606 76606
4090 5432871 5356265 76606 76606
4100 5432871 5356265 76606 76606
4110 5432871 5356265 76606 76606
4120 5432871 5356265 76606 76606
4130 5432871 5356265 76606 76606
4140 5432871 5356265 76606 76606
4150 5432871 5356265 76606 76606
4160 5432871 5356265 76606 76606
4170 5432871 5356265 76606 76606
4180 5432871 5356265 76606 76606
4190 5432871 5356265 76606 76606
4200 5432871 5356265 76606 76606
4210 5432871 5356265 76606 76606
4220 5432871 5356265 76606 76606
4230 5432871 5356265 76606 76606
4240 5432871 5356265 76606 76606
4250 5432871 5356265 76606 76606
4260 5432871 5356265 76606 76606
4270 5432871 5356265 76606 76606
4280 5432871 5356265 76606 76606
4290 5432871 5356265 76606 76606
4300 5432871 5356265 76606 76606
4310 5432871 5356265 76606 76606
4320 5432871 5356265 76606 76606
4330 5432871 5356265 76606 76606
4340 5432871 5356265 76606 76606
4350 5432871 5356265 76606 76606
4360 5432871 5356265 76606 76606
4370 5432871 5356265 76606 76606
4380 5432871 5356265 76606 76606
4390 5432871 5356265 76606 76606
4400 5432871 5356265 76606 76606
4410 5432871 5356265 76606 76606
4420 5432871 5356265 76606 76606
4430 5432871 5356265 76606 76606
4440 5432871 5356265 76606 76606
4450 5432871 5356265 76606 76606
4460 5432871 5356265 76606 76606
4470 5432871 5356265 76606 76606
4480 5432871 5356265 76606 76606
4490 5432871 5356265 76606 76606
4500 5432871 5356265 76606 76606
4510 5432871 5356265 76606 76606
4520 5432871 5356265 76606 76606
4530 5432871 5356265 76606 76606
4540 5432871 5356265 76606 76606
4550 5432871 5356265 76606 76606
4560 5432871 5356265 76606 76606
4570 5432871 5356265 76606 76606
4580 5432871 5356265 76606 76606
4590 5432871 5356265 76606 76606
4600 5432871 5356265 76606 76606
4610 5432871 5356265 76606 76606
4620 5432871 5356265 76606 76606
4630 5432871 5356265 76606 76606
4640 5432871 5356265 76606 76606
4650 5432871 5356265 76606 76606
4660 5432871 5356265 76606 76606
4670 5432871 5356265 76606 76606
4680 5432871 5356265 76606 76606
4690 5432871 5356265 76606 76606
4700 5432871 5356265 76606 76606
4710 5432871 5356265 76606 76606
4720 5432871 5356265 76606 76606
4730 5432871 5356265 76606 76606
4740 5432871 5356265 76606 76606
4750 5432871 5356265 76606 76606
4760 5432871 5356265 76606 76606
4770 5432871 5356265 76606 76606
4780 5432871 5356265 76606 76606
4790 5432871 5356265 76606 76606
4800 5432871 5356265 76606 76606
4810 5432871 5356265 76606 76606
4820 5432871 5356265 76606 76606
4830 5432871 5356265 76606 76606
4840 5432871 5356265 76606 76606
4850 5432871 5356265 76606 76606
4860 5432871 5356265 76606 76606
4870 5432871 5356265 76606 76606
4880 5432871 5356265 76606 76606
4890 5432871 5356265 76606 76606
4900 5432871 5356265 76606 76606
4910 5432871 5356265 76606 76606
4920 5432871 5356265 76606 76606
4930 5432871 5356265 76606 76606
4940 5432871 5356265 76606 76606
4950 5432871 5356265 76606 76606
4960 5432871 5356265 76606 76606
4970 5432871 5356265 76606 76606
4980 5432871 5356265 76606 76606
4990 5432871 5356265 76606 76606
5000 5432871 5356265 76606 76606
5010 5432871 5356265 76606 76606
5020 5432871 5356265 76606 76606
5030 5432871 5356265 76606 76606
5040 5432871 5356265 76606 76606
5050 5432871 5356265 76606 76606
5060 5432871 5356265 76606 76606
5070 5432871 5356265 76606 76606
5080 5432871 5356265 76606 76606
5090 5432871 5356265 76606 76606
5100 5432871 5356265 76606 76606
5110 5432871 5356265 76606 76606
5120 5432871 5356265 76606 76606
5130 5432871 5356265 76606 76606
5140 5432871 5356265 76606 76606
5150 5432871 5356265 76606 76606
5160 5432871 5356265 76606 76606
5170 5432871 5356265 76606 76606
5180 5432871 5356265 76606 76606
5190 5432871 5356265 76606 76606
5200 5432871 5356265 76606 76606
5210 5432871 5356265 76606 76606
5220 5432871 5356265 76606 76606
5230 5432871 5356265 76606 76606
5240 5432871 5356265 76606 76606
5250 5432871 5356265 76606 76606
5260 5432871 5356265 76606 76606
5270 5432871 5356265 76606 76606
5280 5432871 5356265 76606 76606
5290 5432871 5356265 76606 76606
5300 5432871 5356265 76606 76606
5310 5432871 5356265 76606 76606
5320 5432871 5356265 76606 76606
5330 5432871 5356265 76606 76606
5340 5432871 5356265 76606 76606
5350 5432871 5356265 76606 76606
5360 5432871 5356265 76606 76606
5370 5432871 5356265 76606 76606
5380 5432871 5356265 76606 76606
5390 5432871 5356265 76606 76606
5400 5432871 5356265 76606 76606
5410 5432871 5356265 76606 76606
5420 5432871 5356265 76606 76606
5430 5432871 5356265 76606 76606
5440 5432871 5356265 76606 76606
5450 5432871 5356265 76606 76606
5460 5432871 5356265 76606 76606
5470 5432871 5356265 76606 76606
5480 5432871 5356265 76606 76606
5490 5432871 5356265 76606 76606
5500 5432871 5356265 76606 76606
5510 5432871 5356265 76606 76606
5520 5432871 5356265 76606 76606
5530 5432871 5356265 76606 76606
5540 5432871 5356265 76606 76606
5550 5432871 5356265 76606 76606
5560 5432871 5356265 76606 76606
5570 5432871 5356265 76606 76606
5580 5432871 5356265 76606 76606
5590 5432871 5356265 76606 76606
5600 5432871 5356265 76606 76606
5610 5432871 5356265 76606 76606
5620 5432871 5356265 76606 76606
5630 5432871 5356265 76606 76606
5640 5432871 5356265 76606 76606
5650 5432871 5356265 76606 76606
5660 5432871 5356265 76606 76606
5670 5432871 5356265 76606 76606
5680 5432871 5356265 76606 76606
5690 5432871 5356265 76606 76606
5700 5432871 5356265 76606 76606
5710 5432871 5356265 76606 76606
5720 5432871 5356265 76606 76606
5730 5432871 5356265 76606 76606
5740 5432871 5356265 76606 76606
5750 5432871 5356265 76606 76606
5760 5432871 5356265 76606 76606
5770 5432871 5356265 76606 76606
5780 5432871 5356265 76606 76606
5790 5432871 5356265 76606 76606
5800 5432871 5356265 76606 76606
5810 5432871 5356265 76606 76606
5820 5432871 5356265 76606 76606
5830 5432871 5356265 76606 76606
5840 5432871 5356265 76606 76606
5850 5432871 5356265 76606 76606
5860 5432871 5356265 76606 76606
5870 5432871 5356265 76606 76606
5880 5432871 5356265 76606 76606
5890 5432871 5356265 76606 76606
5900 5432871 5356265 76606 76606
5910 5432871 5356265 76606 76606
5920 5432871 5356265 76606 76606
5930 5432871 5356265 76606 76606
5940 5432871 5356265 76606 76606
5950 5432871 5356265 76606 76606
5960 5432871 5356265 76606 76606
5970 5432871 5356265 76606 76606
5980 5432871 5356265 76606 76606
5990 5432871 5356265 76606 76606
6000 5432871 5356265 76606 76606
6010 5432871 5356265 76606 76606
6020 5432871 5356265 76606 76606
6030 5432871 5356265 76606 76606
6040 5432871 5356265 76606 76606
6050 5432871 5356265 76606 76606
6060 5432871 5356265 76606 76606
6070 5432871 5356265 76606 76606
6080 5432871 5356265 76606 76606
6090 5432871 5356265 76606 76606
6100 5432871 5356265 76606 76606
6110 5432871 5356265 76606 76606
6120 5432871 5356265 76606 76606
6130 5432871 5356265 76606 76606
6140 5432871 5356265 76606 76606
6150 5432871 5356265 76606 76606
6160 5432871 5356265 76606 76606
6170 5432871 5356265 76606 76606
6180 5432871 5356265 76606 76606
6190 5432871 5356265 76606 76606
6200 5432871 5356265 76606 76606
6210 5432871 5356265 76606 76606
6220 5432871 5356265 76606 76606
6230 5432871 5356265 76606 76606
6240 5432871 5356265 76606 76606
6250 5432871 5356265 76606 76606
6260 5432871 5356265 76606 76606
6270 5432871 5356265 76606 76606
6280 5432871 5356265 76606 76606
6290 5432871 5356265 76606 76606
6300 5432871 5356265 76606 76606
6310 5432871 5356265 76606 76606
6320 5432871 5356265 76606 76606
6330 5432871 5356265 76606 76606
6340 5432871 5356265 76606 76606
6350 5432871 5356265 76606 76606
6360 5432871 5356265 76606 76606
6370 5432871 5356265 76606 76606
6380 5432871 5356265 76606 76606
6390 5432871 5356265 76606 76606
6400 5432871 5356265 76606 76606
6410 5432871 5356265 76606 76606
6420 5432871 5356265 76606 76606
6430 5432871 5356265 76606 76606
6440 5432871 5356265 76606 76606
6450 5432871 5356265 76606 76606
6460 5432871 5356265 76606 76606
6470 5432871 5356265 76606 76606
6480 5432871 5356265 76606 76606
6490 5432871 5356265 76606 76606
6500 5432871 5356265 76606 76606
6510 5432871 5356265 76606 76606
6520 5432871 5356265 76606 76606
6530 5432871 5356265 76606 76606
6540 5432871 5356265 76606 76606
6550 5432871 5356265 76606 76606
6560 5432871 5356265 76606 76606
6570 5432871 5356265 76606 76606
6580 5432871 5356265 76606 76606
6590 5432871 5356265 76606 76606
6600 5432871 5356265 76606 76606
6610 5432871 5356265 76606 76606
6620 5432871 5356265 76606 76606
6630 5432871 5356265 76606 76606
6640 5432871 5356265 76606 76606
6650 5432871 5356265 76606 76606
6660 5432871 5356265 76606 76606
6670 5432871 5356265 76606 76606
6680 5432871 5356265 76606 76606
6690 5432871 5356265 76606 76606
6700 5432871 5356265 76606 76606
6710 5432871 5356265 76606 76606
6720 5432871 5356265 76606 76606
6730 5432871 5356265 76606 76606
6740 5432871 5356265 76606 76606
6750 5432871 5356265 76606 76606
6760 5432871 5356265 76606 76606
6770 5432871 5356265 76606 76606
6780 5432871 5356265 76606 76606
6790 5432871 5356265 76606 76606
6800 5432871 5356265 76606 76606
6810 5432871 5356265 76606 76606
6820 5432871 5356265 76606 76606
6830 5432871 5356265 76606 76606
6840 5432871 5356265 76606 76606
6850 5432871 5356265 76606 76606
6860 5432871 5356265 76606 76606
6870 5432871 5356265 76606 76606
6880 5432871 5356265 76606 76606
6890 5432871 5356265 76606 76606
6900 5432871 5356265 76606 76606
6910 5432871 5356265 76606 76606
6920 5432871 5356265 76606 76606
6930 5432871 5356265 76606 76606
6940 5432871 5356265 76606 76606
6950 5432871 5356265 76606 76606
6960 5432871 5356265 76606 76606
6970 5432871 5356265 76606 76606
6980 5432871 5356265 76606 76606
6990 5432871 5356265 76606 76606
7000 5432871 5356265 76606 76606
7010 5432871 5356265 76606 76606
7020 5432871 5356265 76606 76606
7030 5432871 5356265 76606 76606
7040 5432871 5356265 76606 76606
7050 5432871 5356265 76606 76606
7060 5432871 5356265 76606 76606
7070 5432871 5356265 76606 76606
7080 5432871 5356265 76606 76606
7090 5432871 5356265 76606 76606
7100 5432871 5356265 76606 76606
7110 5432871 5356265 76606 76606
7120 5432871 5356265 76606 76606
7130 5432871 5356265 76606 76606
7140 5432871 5356265 76606 76606
7150 5432871 5356265 76606 76606
7160 5432871 5356265 76606 76606
7170 5432871 5356265 76606 76606
7180 5432871 5356265 76606 76606
7190 5432871 5356265 76606 76606
7200 5432871 5356265 76606 76606
7210 5432871 5356265 76606 76606
7220 5432871 5356265 76606 76606
7230 5432871 5356265 76606 76606
7240 5432871 5356265 76606 76606
7250 5432871 5356265 76606 76606
7260 5432871 5356265 76606 76606
7270 5432871 5356265 76606 76606
7280 5432871 5356265 76606 76606
7290 5432871 5356265 76606 76606
7300 5432871 5356265 76606 76606
7310 5432871 5356265 76606 76606
7320 5432871 5356265 76606 76606
7330 5432871 5356265 76606 76606
7340 5432871 5356265 76606 76606
7350 5432871 5356265 76606 76606
7360 5432871 5356265 76606 76606
7370 5432871 5356265 76606 76606
7380 5432871 5356265 76606 76606
7390 5432871 5356265 76606 76606
7400 5432871 5356265 76606 76606
7410 5432871 5356265 76606 76606
7420 5432871 5356265 76606 76606
7430 5432871 5356265 76606 76606
7440 5432871 5356265 76606 76606
7450 5432871 5356265 76606 76606
7460 5432871 5356265 76606 76606
7470 5432871 5356265 76606 76606
7480 5432871 5356265 76606 76606
7490 5432871 5356265 76606 76606
7500 5432871 5356265 76606 76606
7510 5432871 5356265 76606 76606
7520 5432871 5356265 76606 76606
7530 5432871 5356265 76606 76606
7540 5432871 5356265 76606 76606
7550 5432871 5356265 76606 76606
7560 5432871 5356265 76606 76606
7570 5432871 5356265 76606 76606
7580 5432871 5356265 76606 76606
7590 5432871 5356265 76606 76606
7600 5432871 5356265 76606 76606
7610 5432871 5356265 76606 76606
7620 5432871 5356265 76606 76606
7630 5432871 5356265 76606 76606
7640 5432871 5356265 76606 76606
7650 5432871 5356265 76606 76606
7660 5432871 5356265 76606 76606
7670 5432871 5356265 76606 76606
7680 5432871 5356265 76606 76606
7690 5432871 5356265 76606 76606
7700 5432871 5356265 76606 76606
7710 5432871 5356265 76606 76606
7720 5432871 5356265 76606 76606
7730 5432871 5356265 76606 76606
7740 5432871 5356265 76606 76606
7750 5432871 5356265 76606 76606
7760 5432871 5356265 76606 76606
7770 5432871 5356265 76606 76606
7780 5432871 5356265 76606 76606
7790 5432871 5356265 76606 76606
7800 5432871 5356265 76606 76606
7810 5432871 5356265 76606 76606
7820 5432871 5356265 76606 76606
7830 5432871 5356265 76606 76606
7840 5432871 5356265 76606 76606
7850 5432871 5356265 76606 76606
7860 5432871 5356265 76606 76606
7870 5432871 5356265 76606 76606
7880 5432871 5356265 76606 76606
7890 5432871 5356265 76606 76606
7900 5432871 5356265 76606 76606
7910 5432871 5356265 76606 76606
7920 5432871 5356265 76606 76606
7930 5432871 5356265 76606 76606
7940 5432871 5356265 76606 76606
7950 5432871 5356265 76606 76606
7960 5432871 5356265 76606 76606
7970 5432871 5356265 76606 76606
7980 5432871 5356265 76606 76606
7990 5432871 5356265 76606 76606
8000 5432871 5356265 76606 76606
8010 5432871 5356265 76606 76606
8020 5432871 5356265 76606 76606
8030 5432871 5356265 76606 76606
8040 5432871 5356265 76606 76606
8050 5432871 5356265 76606 76606
8060 5432871 5356265 76606 76606
8070 5432871 5356265 76606 76606
8080 5432871 5356265 76606 76606
8090 5432871 5356265 76606 76606
8100 5432871 5356265 76606 76606
8110 5432871 5356265 76606 76606
8120 5432871 5356265 76606 76606
8130 5432871 5356265 76606 76606
8140 5432871 5356265 76606 76606
8150 5432871 5356265 76606 76606
8160 5432871 5356265 76606 76606
8170 5432871 5356265 76606 76606
8180 5432871 5356265 76606 76606
8190 5432871 5356265 76606 76606
8200 5432871 5356265 76606 76606
8210 5432871 5356265 76606 76606
8220 5432871 5356265 76606 76606
8230 5432871 5356265 76606 76606
8240 5432871 5356265 76606 76606
8250 5432871 5356265 76606 76606
8260 5432871 5356265 76606 76606
8270 5432871 5356265 76606 76606
8280 5432871 5356265 76606 76606
8290 5432871 5356265 76606 76606
8300 5432871 5356265 76606 76606
8310 5432871 5356265 76606 76606
8320 5432871 5356265 76606 76606
8330 5432871 5356265 76606 76606
8340 5432871 5356265 76606 76606
8350 5432871 5356265 76606 76606
8360 5432871 5356265 76606 76606
8370 5432871 5356265 76606 76606
8380 5432871 5356265 76606 76606
8390 5432871 5356265 76606 76606
8400 5432871 5356265 76606 76606
8410 5432871 5356265 76606 76606
8420 5432871 5356265 76606 76606
8430 5432871 5356265 76606 76606
8440 5432871 5356265 76606 76606
8450 5432871 5356265 76606 76606
8460 5432871 5356265 76606 76606
8470 5432871 5356265 76606 76606
8480 5432871 5356265 76606 76606
8490 5432871 5356265 76606 76606
8500 5432871 5356265 76606 76606
8510 5432871 5356265 76606 76606
8520 5432871 5356265 76606 76606
8530 5432871 5356265 76606 76606
8540 5432871 5356265 76606 76606
8550 5432871 5356265 76606 76606
8560 5432871 5356265 76606 76606
8570 5432871 5356265 76606 76606
8580 5432871 5356265 76606 76606
8590 5432871 5356265 76606 76606
8600 5432871 5356265 76606 76606
8610 5432871 5356265 76606 76606
8620 5432871 5356265 76606 76606
8630 5432871 5356265 76606 76606
8640 5432871 5356265 76606 76606
8650 5432871 5356265 76606 76606
8660 5432871 5356265 76606 76606
8670 5432871 5356265 76606 76606
8680 5432871 5356265 76606 76606
8690 5432871 5356265 76606 76606
8700 5432871 5356265 76606 76606
8710 5432871 5356265 76606 76606
8720 5432871 5356265 76606 76606
8730 5432871 5356265 76606 76606
8740 5432871 5356265 76606 76606
8750 5432871 5356265 76606 76606
8760 5432871 5356265 76606 76606
8770 5432871 5356265 76606 76606
8780 5432871 5356265 76606 76606
8790 5432871 5356265 76606 76606
8800 5432871 5356265 76606 76606
8810 5432871 5356265 76606 76606
8820 5432871 5356265 76606 76606
8830 5432871 5356265 76606 76606
8840 5432871 5356265 76606 76606
8850 5432871 5356265 76606 76606
8860 5432871 5356265 76606 76606
8870 5432871 5356265 76606 76606
8880 5432871 5356265 76606 76606
8890 5432871 5356265 76606 76606
8900 5432871 5356265 76606 76606
8910 5432871 5356265 76606 76606
8920 5432871 5356265 76606 76606
8930 5432871 5356265 76606 76606
8940 5432871 5356265 76606 76606
8950 5432871 5356265 76606 76606
8960 5432871 5356265 76606 76606
8970 5432871 5356265 76606 76606
8980 5432871 5356265 76606 76606
8990 5432871 5356265 76606 76606
9000 5432871 5356265 76606 76606
9010 5432871 5356265 76606 76606
9020 5432871 5356265 76606 76606
9030 5432871 5356265 76606 76606
9040 5432871 5356265 76606 76606
9050 5432871 5356265 76606 76606
9060 5432871 5356265 76606 76606
9070 5432871 5356265 76606 76606
9080 5432871 5356265 76606 76606
9090 5432871 5356265 76606 76606
9100 5432871 5356265 76606 76606
9110 5432871 5356265 76606 76606
9120 5432871 5356265 76606 76606
9130 5432871 5356265 76606 76606
9140 5432871 5356265 76606 76606
9150 5432871 5356265 76606 76606
9160 5432871 5356265 76606 76606
9170 5432871 5356265 76606 76606
9180 5432871 5356265 76606 76606
9190 5432871 5356265 76606 76606
9200 5432871 5356265 76606 76606
9210 5432871 5356265 76606 76606
9220 5432871 5356265 76606 76606
9230 5432871 5356265 76606 76606
9240 5432871 5356265 76606 76606
9250 5432871 5356265 76606 76606
9260 5432871 5356265 76606 76606
9270 5432871 5356265 76606 76606
9280 5432871 5356265 76606 76606
9290 5432871 5356265 76606 76606
9300 5432871 5356265 76606 76606
9310 5432871 5356265 76606 76606
9320 5432871 5356265 76606 76606
9330 5432871 5356265 76606 76606
9340 5432871 5356265 76606 76606
9350 5432871 5356265 76606 76606
9360 5432871 5356265 76606 76606
9370 5432871 5356265 76606 76606
9380 5432871 5356265 76606 76606
9390 5432871 5356265 76606 76606
9400 5432871 5356265 76606 76606
9410 5432871 5356265 76606 76606
9420 5432871 5356265 76606 76606
9430 5432871 5356265 76606 76606
9440 5432871 5356265 76606 76606
9450 5432871 5356265 76606 76606
9460 5432871 5356265 76606 76606
9470 5432871 5356265 76606 76606
9480 5432871 5356265 76606 76606
9490 5432871 5356265 76606 76606
9500 5432871 5356265 76606 76606
9510 5432871 5356265 76606 76606
9520 5432871 5356265 76606 76606
9530 5432871 5356265 76606 76606
9540 5432871 5356265 76606 76606
9550 5432871 5356265 76606 76606
9560 5432871 5356265 76606 76606
9570 5432871 5356265 76606 76606
9580 5432871 5356265 76606 76606
9590 5432871 5356265 76606 76606
9600 5432871 5356265 76606 76606
9610 5432871 5356265 76606 76606
9620 5432871 5356265 76606 76606
9630 5432871 5356265 76606 76606
9640 5432871 5356265 76606 76606
9650 5432871 5356265 76606 76606
9660 5432871 5356265 76606 76606
9670 5432871 5356265 76606 76606
9680 5432871 5356265 76606 76606
9690 5432871 5356265 76606 76606
9700 5432871 5356265 76606 76606
9710 5432871 5356265 76606 76606
9720 5432871 5356265 76606 76606
9730 5432871 5356265 76606 76606
9740 5432871 5356265 76606 76606
9750 5432871 5356265 76606 76606
9760 5432871 5356265 76606 76606
9770 5432871 5356265 76606 76606
9780 5432871 5356265 76606 76606
9790 5432871 5356265 76606 76606
9800 5432871 5356265 76606 76606
9810 5432871 5356265 76606 76606
9820 5432871 5356265 76606 76606
9830 5432871 5356265 76606 76606
9840 5432871 5356265 76606 76606
9850 5432871 5356265 76606 76606
9860 5432871 5356265 76606 76606
9870 5432871 5356265 76606 76606
9880 5432871 5356265 76606 76606
9890 5432871 5356265 76606 76606
9900 5432871 5356265 76606 76606
9910 5432871 5356265 76606 76606
9920 5432871 5356265 76606 76606
9930 5432871 5356265 76606 76606
9940 5432871 5356265 76606 76606
9950 5432871 5356265 76606 76606
9960 5432871 5356265 76606 76606
9970 5432871 5356265 76606 76606
9980 5432871 5356265 76606 76606
9990 5432871 5356265 76606 76606
10000 5432871 5356265 76606 76606
10010 5432871 5356265 76606 76606
10020 5432871 5356265 76606 76606
10030 5432871 5356265 76606 76606
10040 5432871 5356265 76606 76606
10050 5432871 5356265 76606 76606
10060 5432871 5356265 76606 76606
10070 5432871 5356265 76606 76606
10080 5432871 5356265 76606 76606
10090 5432871 5356265 76606 76606
10100 5432871 5356265 76606 76606
10110 5432871 5356265 76606 76606
10120 5432871 5356265 76606 76606
10130 5432871 5356265 76606 76606
10140 5432871 5356265 76606 76606
10150 5432871 5356265 76606 76606
10160 5432871 5356265 76606 76606
10170 5432871 5356265 76606 76606
10180 5432871 5356265 76606 76606
10190 5432871 5356265 76606 76606
10200 5432871 5356265 76606 76606
10210 5432871 5356265 76606 76606
10220 5432871 5356265 76606 76606
10230 5432871 5356265 76606 76606
10240 5432871 5356265 76606 76606
10250 5432871 5356265 76606 76606
10260 5432871 5356265 76606 76606
10270 5432871 5356265 76606 76606
10280 5432871 5356265 76606 76606
10290 5432871 5356265 76606 76606
10300 5432871 5356265 76606 76606
10310 5432871 5356265 76606 76606
10320 5432871 5356265 76606 76606
10330 5432871 5356265 76606 76606
10340 5432871 5356265 76606 76606
10350 5432871 5356265 76606 76606
10360 5432871 5356265 76606 76606
10370 5432871 5356265 76606 76606
10380 5432871 5356265 76606 76606
10390 5432871 5356265 76606 76606
10400 5432871 5356265 76606 76606
10410 5432871 5356265 76606 76606
10420 5432871 5356265 76606 76606
10430 5432871 5356265 76606 76606
10440 5432871 5356265 76606 76606
10450 5432871 5356265 76606 76606
10460 5432871 5356265 76606 76606
10470 5432871 5356265 76606 76606
10480 5432871 5356265 76606 76606
10490 5432871 5356265 76606 76606
10500 5432871 5356265 76606 76606
10510 5432871 5356265 76606 76606
10520 5432871 5356265 76606 76606
10530 5432871 5356265 76606 76606
10540 5432871 5356265 76606 76606
10550 5432871 5356265 76606 76606
10560 5432871 5356265 76606 76606
10570 5432871 5356265 76606 76606
10580 5432871 5356265 76606 76606
10590 5432871 5356265 76606 76606
10600 5432871 5356265 76606 76606
10610 5432871 5356265 76606 76606
10620 5432871 5356265 76606 76606
10630 5432871 5356265 76606 76606
10640 5432871 5356265 76606 76606
10650 5432871 5356265 76606 76606
10660 5432871 5356265 76606 76606
10670 5432871 5356265 76606 76606
10680 5432871 5356265 76606 76606
10690 5432871 5356265 76606 76606
10700 5432871 5356265 76606 76606
10710 5432871 5356265 76606 76606
10720 5432871 5356265 76606 76606
10730 5432871 5356265 76606 76606
10740 5432871 5356265 76606 76606
10750 5432871 5356265 76606 76606
10760 5432871 5356265 76606 76606
10770 5432871 5356265 76606 76606
10780 5432871 5356265 76606 76606
10790 5432871 5356265 76606 76606
10800 5432871 5356265 76606 76606
10810 5432871 5356265 76606 76606
10820 5432871 5356265 76606 76606
10830 5432871 5356265 76606 76606
10840 5432871 5356265 76606 76606
10850 5432871 5356265 76606 76606
10860 5432871 5356265 76606 76606
10870 5432871 5356265 76606 76606
10880 5432871 5356265 76606 76606
10890 5432871 5356265 76606 76606
10900 5432871 5356265 76606 76606
10910 5432871 5356265 76606 76606
10920 5432871 5356265 76606 76606
10930 5432871 5356265 76606 76606
10940 5432871 5356265 76606 76606
10950 5432871 5356265 76606 76606
10960 5432871 5356265 76606 76606
10970 5432871 5356265 76606 76606
10980 5432871 5356265 76606 76606
10990 5432871 5356265 76606 76606
11000 5432871 5356265 76606 76606
11010 5432871 5356265 76606 76606
11020 5432871 5356265 76606 76606
11030 5432871 5356265 76606 76606
11040 5432871 5356265 76606 76606
11050 5432871 5356265 76606 76606
11060 5432871 5356265 76606 76606
11070 5432871 5356265 76606 76606
11080 5432871 5356265 76606 76606
11090 5432871 5356265 76606 76606
11100 5432871 5356265 76606 76606
11110 5432871 5356265 76606 76606
11120 5432871 5356265 76606 76606
11130 5432871 5356265 76606 76606
11140 5432871 5356265 76606 76606
11150 5432871 5356265 76606 76606
11160 5432871 5356265 76606 76606
11170 5432871 5356265 76606 76606
11180 5432871 5356265 76606 76606
11190 5432871 5356265 76606 76606
11200 5432871 5356265 76606 76606
11210 5432871 5356265 76606 76606
11220 5432871 5356265 76606 76606
11230 5432871 5356265 76606 76606
11240 5432871 5356265 76606 76606
11250 5432871 5356265 76606 76606
11260 5432871 5356265 76606 76606
11270 5432871 5356265 76606 76606
11280 5432871 5356265 76606 76606
11290 5432871 5356265 76606 76606
11300 5432871 5356265 76606 76606
11310 5432871 5356265 76606 76606
11320 5432871 5356265 76606 76606
11330 5432871 5356265 76606 76606
11340 5432871 5356265 76606 76606
11350 5432871 5356265 76606 76606
11360 5432871 5356265 76606 76606
11370 5432871 5356265 76606 76606
11380 5432871 5356265 76606 76606
11390 5432871 5356265 76606 76606
11400 5432871 5356265 76606 76606
11410 5432871 5356265 76606 76606
11420 5432871 5356265 76606 76606
11430 5432871 5356265 76606 76606
11440 5432871 5356265 76606 76606
11450 5432871 5356265 76606 76606
11460 5432871 5356265 76606 76606
11470 5432871 5356265 76606 76606
11480 5432871 5356265 76606 76606
11490 5432871 5356265 76606 76606
11500 5432871 5356265 76606 76606
11510 5432871 5356265 76606 76606
11520 5432871 5356265 76606 76606
11530 5432871 5356265 76606 76606
11540 5432871 5356265 76606 76606
11550 5432871 5356265 76606 76606
11560 5432871 5356265 76606 76606
11570 5432871 5356265 76606 76606
11580 5432871 5356265 76606 76606
11590 5432871 5356265 76606 76606
11600 5432871 5356265 76606 76606
11610 5432871 5356265 76606 76606
11620 5432871 5356265 76606 76606
11630 5432871 5356265 76606 76606
11640 5432871 5356265 76606 76606
11650 5432871 5356265 76606 76606
11660 5432871 5356265 76606 76606
11670 5432871 5356265 76606 76606
11680 5432871 5356265 76606 76606
11690 5432871 5356265 76606 76606
11700 5432871 5356265 76606 76606
11710 5432871 5356265 76606 76606
11720 5432871 5356265 76606 76606
11730 5432871 5356265 76606 76606
11740 5432871 5356265 76606 76606
11750 5432871 5356265 76606 76606
11760 5432871 5356265 76606 76606
11770 5432871 5356265 76606 76606
11780 5432871 5356265 76606 76606
11790 5432871 5356265 76606 76606
11800 5432871 5356265 76606 76606
11810 5432871 5356265 76606 76606
11820 5432871 5356265 76606 76606
11830 5432871 5356265 76606 76606
11840 5432871 5356265 76606 76606
11850 5432871 5356265 76606 76606
11860 5432871 5356265 76606 76606
11870 5432871 5356265 76606 76606
11880 5432871 5356265 76606 76606
11890 5432871 5356265 76606 76606
11900 5432871 5356265 76606 76606
11910 5432871 5356265 76606 76606
11920 5432871 5356265 76606 76606
11930 5432871 5356265 76606 76606
11940 5432871 5356265 76606 76606
11950 5432871 5356265 76606 76606
11960 5432871 5356265 76606 76606
11970 5432871 5356265 76606 76606
11980 5432871 5356265 76606 76606
11990 5432871 5356265 76606 76606
12000 5432871 5356265 76606 76606
12010 5432871 5356265 76606 76606
12020 5432871 5356265 76606 76606
12030 5432871 5356265 76606 76606
12040 5432871 5356265 76606 76606
12050 5432871 5356265 76606 76606
12060 5432871 5356265 76606 76606
12070 5432871 5356265 76606 76606
12080 5432871 5356265 76606 76606
12090 5432871 5356265 76606 76606
12100 5432871 5356265 76606 76606
12110 5432871 5356265 76606 76606
12120 5432871 5356265 76606 76606
12130 5432871 5356265 76606 76606
12140 5432871 5356265 76606 76606
12150 5432871 5356265 76606 76606
12160 5432871 5356265 76606 76606
12170 5432871 5356265 76606 76606
12180 5432871 5356265 76606 76606
12190 5432871 5356265 76606 76606
12200 5432871 5356265 76606 76606
12210 5432871 5356265 76606 76606
12220 5432871 5356265 76606 76606
12230 5432871 5356265 76606 76606
12240 5432871 5356265 76606 76606
12250 5432871 5356265 76606 76606
12260 5432871 5356265 76606 76606
12270 5432871 5356265 76606 76606
12280 5432871 5356265 76606 76606
12290 5432871 5356265 76606 76606
12300 5432871 5356265 76606 76606
12310 5432871 5356265 76606 76606
12320 5432871 5356265 76606 76606
12330 5432871 5356265 76606 76606
12340 5432871 5356265 76606 76606
12350 5432871 5356265 76606 76606
12360 5432871 5356265 76606 76606
12370 5432871 5356265 76606 76606
12380 5432871 5356265 76606 76606
12390 5432871 5356265 76606 76606
12400 5432871 5356265 76606 76606
12410 5432871 5356265 76606 76606
12420 5432871 5356265 76606 76606
12430 5432871 5356265 76606 76606
12440 5432871 5356265 76606 76606
12450 5432871 5356265 76606 76606
12460 5432871 5356265 76606 76606
12470 5432871 5356265 76606 76606
12480 5432871 5356265 76606 76606
12490 5432871 5356265 76606 76606
12500 5432871 5356265 76606 76606
12510 5432871 5356265 76606 76606
12520 5432871 5356265 76606 76606
12530 5432871 5356265 76606 76606
12540 5432871 5356265 76606 76606
12550 5432871 5356265 76606 76606
12560 5432871 5356265 76606 76606
12570 5432871 5356265 76606 76606
12580 5432871 5356265 76606 76606
12590 5432871 5356265 76606 76606
12600 5432871 5356265 76606 76606
12610 5432871 5356265 76606 76606
12620 5432871 5356265 76606 76606
12630 5432871 5356265 76606 76606
12640 5432871 5356265 76606 76606
12650 5432871 5356265 76606 76606
12660 5432871 5356265 76606 76606
12670 5432871 5356265 76606 76606
12680 5432871 5356265 76606 76606
12690 5432871 5356265 76606 76606
12700 5432871 5356265 76606 76606
12710 5432871 5356265 76606 76606
12720 5432871 5356265 76606 76606
12730 5432871 5356265 76606 76606
12740 5432871 5356265 76606 76606
12750 5432871 5356265 76606 76606
12760 5432871 5356265 76606 76606
12770 5432871 5356265 76606 76606
12780 5432871 5356265 76606 76606
12790 5432871 5356265 76606 76606
12800 5432871 5356265 76606 76606
12810 5432871 5356265 76606 76606
12820 5432871 5356265 76606 76606
12830 5432871 5356265 76606 76606
12840 5432871 5356265 76606 76606
12850 5432871 5356265 76606 76606
12860 5432871 5356265 76606 76606
12870 5432871 5356265 76606 76606
12880 5432871 5356265 76606 76606
12890 5432871 5356265 76606 76606
12900 5432871 5356265 76606 76606
12910 5432871 5356265 76606 76606
12920 5432871 5356265 76606 76606
12930 5432871 5356265 76606 76606
12940 5432871 5356265 76606 76606
12950 5432871 5356265 76606 76606
12960 5432871 5356265 76606 76606
12970 5432871 5356265 76606 76606
12980 5432871 5356265 76606 76606
12990 5432871 5356265 76606 76606
13000 5432871 5356265 76606 76606
13010 5432871 5356265 76606 76606
13020 5432871 5356265 76606 76606
13030 5432871 5356265 76606 76606
13040 5432871 5356265 76606 76606
13050 5432871 5356265 76606 76606
13060 5432871 5356265 76606 76606
13070 5432871 5356265 76606 76606
13080 5432871 5356265 76606 76606
13090 5432871 5356265 76606 76606
13100 5432871 5356265 76606 76606
13110 5432871 5356265 76606 76606
13120 5432871 5356265 76606 76606
13130 5432871 5356265 76606 76606
13140 5432871 5356265 76606 76606
13150 5432871 5356265 76606 76606
13160 5432871 5356265 76606 76606
13170 5432871 5356265 76606 76606

