Optimal path [nodeId(time to the node):
7(0) -> 2(119) -> 0(142) -> 5(137) -> 9(132) -> 8(140) -> 6(137) -> 4(118) -> 1(136) -> 3(129)
Total time of delivery: 1190
The cost function value: 29713

Statistics at the end of simulation: 
Residents: 405877
Illness cases: 58237 --> [14.348435609802971%]
Healthy residents: 347640 --> [85.65156439019704%]
Vaccinated residents347640 --> [85.65156439019704%]

Statistics of each node: 
id residentsNumber illnessCases healthyResidents vaccinated
7 90816 1 90815 90815
2 16497 3 16494 16494
0 85881 20 85861 85861
5 23562 99 23463 23463
9 55772 456 55316 55316
8 70500 2298 68202 68202
6 18679 11190 7489 7489
4 13139 13139 0 0
1 19022 19022 0 0
3 12009 12009 0 0

Statistics step by step: 
minute residentsNumber illnessCases healthyResidents vaccinated
0 405877 10 405867 90815
10 405877 10 405867 90815
20 405877 10 405867 90815
30 405877 10 405867 90815
40 405877 10 405867 90815
50 405877 10 405867 90815
60 405877 19 405858 90815
70 405877 19 405858 90815
80 405877 19 405858 90815
90 405877 19 405858 90815
100 405877 28 405849 90815
110 405877 28 405849 90815
120 405877 36 405841 107309
130 405877 36 405841 107309
140 405877 44 405833 107309
150 405877 44 405833 107309
160 405877 52 405825 107309
170 405877 60 405817 107309
180 405877 68 405809 107309
190 405877 68 405809 107309
200 405877 84 405793 107309
210 405877 92 405785 107309
220 405877 100 405777 107309
230 405877 116 405761 107309
240 405877 132 405745 107309
250 405877 140 405737 107309
260 405877 164 405713 107309
270 405877 178 405699 193170
280 405877 199 405678 193170
290 405877 220 405657 193170
300 405877 248 405629 193170
310 405877 269 405608 193170
320 405877 304 405573 193170
330 405877 339 405538 193170
340 405877 374 405503 193170
350 405877 423 405454 193170
360 405877 472 405405 193170
370 405877 521 405356 193170
380 405877 584 405293 193170
390 405877 654 405223 193170
400 405877 729 405148 216633
410 405877 807 405070 216633
420 405877 891 404986 216633
430 405877 981 404896 216633
440 405877 1089 404788 216633
450 405877 1209 404668 216633
460 405877 1341 404536 216633
470 405877 1491 404386 216633
480 405877 1659 404218 216633
490 405877 1845 404032 216633
500 405877 2055 403822 216633
510 405877 2295 403582 216633
520 405877 2559 403318 216633
530 405877 2859 403018 271949
540 405877 3139 402738 271949
550 405877 3449 402428 271949
560 405877 3804 402073 271949
570 405877 4199 401678 271949
580 405877 4639 401238 271949
590 405877 5139 400738 271949
600 405877 5699 400178 271949
610 405877 6324 399553 271949
620 405877 7029 398848 271949
630 405877 7819 398058 271949
640 405877 8704 397173 271949
650 405877 9699 396178 271949
660 405877 10819 395058 271949
670 405877 12069 393808 340151
680 405877 13197 392680 340151
690 405877 14461 391416 340151
700 405877 15877 390000 340151
710 405877 17473 388404 340151
720 405877 19261 386616 340151
730 405877 21265 384612 340151
740 405877 23517 382360 340151
750 405877 26045 379832 340151
760 405877 28881 376996 340151
770 405877 32069 373808 340151
780 405877 35645 370232 340151
790 405877 39657 366220 340151
800 405877 44161 361716 340151
810 405877 48822 357055 347640
820 405877 52082 353795 347640
830 405877 53811 352066 347640
840 405877 55599 350278 347640
850 405877 57605 348272 347640
860 405877 58237 347640 347640
870 405877 58237 347640 347640
880 405877 58237 347640 347640
890 405877 58237 347640 347640
900 405877 58237 347640 347640
910 405877 58237 347640 347640
920 405877 58237 347640 347640
930 405877 58237 347640 347640
940 405877 58237 347640 347640
950 405877 58237 347640 347640
960 405877 58237 347640 347640
970 405877 58237 347640 347640
980 405877 58237 347640 347640
990 405877 58237 347640 347640
1000 405877 58237 347640 347640
1010 405877 58237 347640 347640
1020 405877 58237 347640 347640
1030 405877 58237 347640 347640
1040 405877 58237 347640 347640
1050 405877 58237 347640 347640
1060 405877 58237 347640 347640
1070 405877 58237 347640 347640
1080 405877 58237 347640 347640
1090 405877 58237 347640 347640
1100 405877 58237 347640 347640
1110 405877 58237 347640 347640
1120 405877 58237 347640 347640
1130 405877 58237 347640 347640
1140 405877 58237 347640 347640
1150 405877 58237 347640 347640
1160 405877 58237 347640 347640
1170 405877 58237 347640 347640
1180 405877 58237 347640 347640

