Optimal path [nodeId(time to the node):
36(0) -> 32(121) -> 23(140) -> 2(136) -> 40(141) -> 9(119) -> 44(133) -> 8(131) -> 7(128) -> 10(124) -> 13(144) -> 46(139) -> 42(135) -> 26(111) -> 38(124) -> 39(135) -> 3(145) -> 5(131) -> 29(141) -> 24(128) -> 18(156) -> 25(118) -> 48(133) -> 12(124) -> 11(125) -> 47(141) -> 43(140) -> 22(140) -> 33(126) -> 14(130) -> 1(129) -> 21(137) -> 0(126) -> 20(128) -> 45(121) -> 19(113) -> 30(142) -> 35(135) -> 49(128) -> 34(132) -> 4(126) -> 16(126) -> 15(130) -> 6(134) -> 17(122) -> 41(125) -> 27(118) -> 31(110) -> 28(130) -> 37(146)
Total time of delivery: 6397
The cost function value: 6397

Statistics at the end of simulation: 
Residents: 2653253
Illness cases: 2338495 --> [88.13690213485107%]
Healthy residents: 314758 --> [11.863097865148932%]
Vaccinated residents314758 --> [11.863097865148932%]

Statistics of each node: 
id residentsNumber illnessCases healthyResidents vaccinated
36 51676 1 51675 51675
32 32778 4 32774 32774
23 13962 20 13942 13942
2 59636 98 59538 59538
40 37916 500 37416 37416
9 90298 1978 88320 88320
44 22955 9195 13760 13760
8 59097 41764 17333 17333
7 52412 52412 0 0
10 27278 27278 0 0
13 57370 57370 0 0
46 58433 58433 0 0
42 22928 22928 0 0
26 17928 17928 0 0
38 89747 89747 0 0
39 79510 79510 0 0
3 16050 16050 0 0
5 90210 90210 0 0
29 86455 86455 0 0
24 61926 61926 0 0
18 34212 34212 0 0
25 87768 87768 0 0
48 41563 41563 0 0
12 38389 38389 0 0
11 36243 36243 0 0
47 70879 70879 0 0
43 26088 26088 0 0
22 91889 91889 0 0
33 44211 44211 0 0
14 33326 33326 0 0
1 49826 49826 0 0
21 80840 80840 0 0
0 63772 63772 0 0
20 71926 71926 0 0
45 86355 86355 0 0
19 30140 30140 0 0
30 12230 12230 0 0
35 65482 65482 0 0
49 63359 63359 0 0
34 44159 44159 0 0
4 34099 34099 0 0
16 96804 96804 0 0
15 65892 65892 0 0
6 90185 90185 0 0
17 46965 46965 0 0
41 66159 66159 0 0
27 25692 25692 0 0
31 26553 26553 0 0
28 85687 85687 0 0
37 13995 13995 0 0

Statistics step by step: 
minute residentsNumber illnessCases healthyResidents vaccinated
0 2653253 50 2653203 51675
10 2653253 50 2653203 51675
20 2653253 50 2653203 51675
30 2653253 50 2653203 51675
40 2653253 50 2653203 51675
50 2653253 50 2653203 51675
60 2653253 99 2653154 51675
70 2653253 99 2653154 51675
80 2653253 99 2653154 51675
90 2653253 99 2653154 51675
100 2653253 148 2653105 51675
110 2653253 148 2653105 51675
120 2653253 197 2653056 51675
130 2653253 197 2653056 84449
140 2653253 245 2653008 84449
150 2653253 245 2653008 84449
160 2653253 293 2652960 84449
170 2653253 341 2652912 84449
180 2653253 389 2652864 84449
190 2653253 389 2652864 84449
200 2653253 485 2652768 84449
210 2653253 533 2652720 84449
220 2653253 581 2652672 84449
230 2653253 677 2652576 84449
240 2653253 773 2652480 84449
250 2653253 821 2652432 84449
260 2653253 965 2652288 84449
270 2653253 1059 2652194 98391
280 2653253 1200 2652053 98391
290 2653253 1341 2651912 98391
300 2653253 1529 2651724 98391
310 2653253 1670 2651583 98391
320 2653253 1905 2651348 98391
330 2653253 2140 2651113 98391
340 2653253 2375 2650878 98391
350 2653253 2704 2650549 98391
360 2653253 3033 2650220 98391
370 2653253 3362 2649891 98391
380 2653253 3785 2649468 98391
390 2653253 4255 2648998 98391
400 2653253 4769 2648484 157929
410 2653253 5367 2647886 157929
420 2653253 6011 2647242 157929
430 2653253 6701 2646552 157929
440 2653253 7529 2645724 157929
450 2653253 8449 2644804 157929
460 2653253 9461 2643792 157929
470 2653253 10611 2642642 157929
480 2653253 11899 2641354 157929
490 2653253 13325 2639928 157929
500 2653253 14935 2638318 157929
510 2653253 16775 2636478 157929
520 2653253 18799 2634454 157929
530 2653253 21099 2632154 157929
540 2653253 23663 2629590 195345
550 2653253 26453 2626800 195345
560 2653253 29648 2623605 195345
570 2653253 33203 2620050 195345
580 2653253 37163 2616090 195345
590 2653253 41663 2611590 195345
600 2653253 46703 2606550 195345
610 2653253 52328 2600925 195345
620 2653253 58673 2594580 195345
630 2653253 65783 2587470 195345
640 2653253 73748 2579505 195345
650 2653253 82703 2570550 195345
660 2653253 92713 2560540 283665
670 2653253 103713 2549540 283665
680 2653253 116121 2537132 283665
690 2653253 130025 2523228 283665
700 2653253 145601 2507652 283665
710 2653253 163157 2490096 283665
720 2653253 182825 2470428 283665
730 2653253 204869 2448384 283665
740 2653253 229641 2423612 283665
750 2653253 257449 2395804 283665
760 2653253 288645 2364608 283665
770 2653253 323713 2329540 283665
780 2653253 363049 2290204 283665
790 2653253 407181 2246072 297425
800 2653253 455599 2197654 297425
810 2653253 509951 2143302 297425
820 2653253 570152 2083101 297425
830 2653253 636457 2016796 297425
840 2653253 709431 1943822 297425
850 2653253 789209 1864044 297425
860 2653253 877037 1776216 297425
870 2653253 975387 1677866 297425
880 2653253 1082878 1570375 297425
890 2653253 1193066 1460187 297425
900 2653253 1312022 1341231 297425
910 2653253 1435178 1218075 297425
920 2653253 1562927 1090326 297425
930 2653253 1690804 962449 314758
940 2653253 1819765 833488 314758
950 2653253 1952917 700336 314758
960 2653253 2081229 572024 314758
970 2653253 2182216 471037 314758
980 2653253 2276525 376728 314758
990 2653253 2334372 318881 314758
1000 2653253 2338495 314758 314758
1010 2653253 2338495 314758 314758
1020 2653253 2338495 314758 314758
1030 2653253 2338495 314758 314758
1040 2653253 2338495 314758 314758
1050 2653253 2338495 314758 314758
1060 2653253 2338495 314758 314758
1070 2653253 2338495 314758 314758
1080 2653253 2338495 314758 314758
1090 2653253 2338495 314758 314758
1100 2653253 2338495 314758 314758
1110 2653253 2338495 314758 314758
1120 2653253 2338495 314758 314758
1130 2653253 2338495 314758 314758
1140 2653253 2338495 314758 314758
1150 2653253 2338495 314758 314758
1160 2653253 2338495 314758 314758
1170 2653253 2338495 314758 314758
1180 2653253 2338495 314758 314758
1190 2653253 2338495 314758 314758
1200 2653253 2338495 314758 314758
1210 2653253 2338495 314758 314758
1220 2653253 2338495 314758 314758
1230 2653253 2338495 314758 314758
1240 2653253 2338495 314758 314758
1250 2653253 2338495 314758 314758
1260 2653253 2338495 314758 314758
1270 2653253 2338495 314758 314758
1280 2653253 2338495 314758 314758
1290 2653253 2338495 314758 314758
1300 2653253 2338495 314758 314758
1310 2653253 2338495 314758 314758
1320 2653253 2338495 314758 314758
1330 2653253 2338495 314758 314758
1340 2653253 2338495 314758 314758
1350 2653253 2338495 314758 314758
1360 2653253 2338495 314758 314758
1370 2653253 2338495 314758 314758
1380 2653253 2338495 314758 314758
1390 2653253 2338495 314758 314758
1400 2653253 2338495 314758 314758
1410 2653253 2338495 314758 314758
1420 2653253 2338495 314758 314758
1430 2653253 2338495 314758 314758
1440 2653253 2338495 314758 314758
1450 2653253 2338495 314758 314758
1460 2653253 2338495 314758 314758
1470 2653253 2338495 314758 314758
1480 2653253 2338495 314758 314758
1490 2653253 2338495 314758 314758
1500 2653253 2338495 314758 314758
1510 2653253 2338495 314758 314758
1520 2653253 2338495 314758 314758
1530 2653253 2338495 314758 314758
1540 2653253 2338495 314758 314758
1550 2653253 2338495 314758 314758
1560 2653253 2338495 314758 314758
1570 2653253 2338495 314758 314758
1580 2653253 2338495 314758 314758
1590 2653253 2338495 314758 314758
1600 2653253 2338495 314758 314758
1610 2653253 2338495 314758 314758
1620 2653253 2338495 314758 314758
1630 2653253 2338495 314758 314758
1640 2653253 2338495 314758 314758
1650 2653253 2338495 314758 314758
1660 2653253 2338495 314758 314758
1670 2653253 2338495 314758 314758
1680 2653253 2338495 314758 314758
1690 2653253 2338495 314758 314758
1700 2653253 2338495 314758 314758
1710 2653253 2338495 314758 314758
1720 2653253 2338495 314758 314758
1730 2653253 2338495 314758 314758
1740 2653253 2338495 314758 314758
1750 2653253 2338495 314758 314758
1760 2653253 2338495 314758 314758
1770 2653253 2338495 314758 314758
1780 2653253 2338495 314758 314758
1790 2653253 2338495 314758 314758
1800 2653253 2338495 314758 314758
1810 2653253 2338495 314758 314758
1820 2653253 2338495 314758 314758
1830 2653253 2338495 314758 314758
1840 2653253 2338495 314758 314758
1850 2653253 2338495 314758 314758
1860 2653253 2338495 314758 314758
1870 2653253 2338495 314758 314758
1880 2653253 2338495 314758 314758
1890 2653253 2338495 314758 314758
1900 2653253 2338495 314758 314758
1910 2653253 2338495 314758 314758
1920 2653253 2338495 314758 314758
1930 2653253 2338495 314758 314758
1940 2653253 2338495 314758 314758
1950 2653253 2338495 314758 314758
1960 2653253 2338495 314758 314758
1970 2653253 2338495 314758 314758
1980 2653253 2338495 314758 314758
1990 2653253 2338495 314758 314758
2000 2653253 2338495 314758 314758
2010 2653253 2338495 314758 314758
2020 2653253 2338495 314758 314758
2030 2653253 2338495 314758 314758
2040 2653253 2338495 314758 314758
2050 2653253 2338495 314758 314758
2060 2653253 2338495 314758 314758
2070 2653253 2338495 314758 314758
2080 2653253 2338495 314758 314758
2090 2653253 2338495 314758 314758
2100 2653253 2338495 314758 314758
2110 2653253 2338495 314758 314758
2120 2653253 2338495 314758 314758
2130 2653253 2338495 314758 314758
2140 2653253 2338495 314758 314758
2150 2653253 2338495 314758 314758
2160 2653253 2338495 314758 314758
2170 2653253 2338495 314758 314758
2180 2653253 2338495 314758 314758
2190 2653253 2338495 314758 314758
2200 2653253 2338495 314758 314758
2210 2653253 2338495 314758 314758
2220 2653253 2338495 314758 314758
2230 2653253 2338495 314758 314758
2240 2653253 2338495 314758 314758
2250 2653253 2338495 314758 314758
2260 2653253 2338495 314758 314758
2270 2653253 2338495 314758 314758
2280 2653253 2338495 314758 314758
2290 2653253 2338495 314758 314758
2300 2653253 2338495 314758 314758
2310 2653253 2338495 314758 314758
2320 2653253 2338495 314758 314758
2330 2653253 2338495 314758 314758
2340 2653253 2338495 314758 314758
2350 2653253 2338495 314758 314758
2360 2653253 2338495 314758 314758
2370 2653253 2338495 314758 314758
2380 2653253 2338495 314758 314758
2390 2653253 2338495 314758 314758
2400 2653253 2338495 314758 314758
2410 2653253 2338495 314758 314758
2420 2653253 2338495 314758 314758
2430 2653253 2338495 314758 314758
2440 2653253 2338495 314758 314758
2450 2653253 2338495 314758 314758
2460 2653253 2338495 314758 314758
2470 2653253 2338495 314758 314758
2480 2653253 2338495 314758 314758
2490 2653253 2338495 314758 314758
2500 2653253 2338495 314758 314758
2510 2653253 2338495 314758 314758
2520 2653253 2338495 314758 314758
2530 2653253 2338495 314758 314758
2540 2653253 2338495 314758 314758
2550 2653253 2338495 314758 314758
2560 2653253 2338495 314758 314758
2570 2653253 2338495 314758 314758
2580 2653253 2338495 314758 314758
2590 2653253 2338495 314758 314758
2600 2653253 2338495 314758 314758
2610 2653253 2338495 314758 314758
2620 2653253 2338495 314758 314758
2630 2653253 2338495 314758 314758
2640 2653253 2338495 314758 314758
2650 2653253 2338495 314758 314758
2660 2653253 2338495 314758 314758
2670 2653253 2338495 314758 314758
2680 2653253 2338495 314758 314758
2690 2653253 2338495 314758 314758
2700 2653253 2338495 314758 314758
2710 2653253 2338495 314758 314758
2720 2653253 2338495 314758 314758
2730 2653253 2338495 314758 314758
2740 2653253 2338495 314758 314758
2750 2653253 2338495 314758 314758
2760 2653253 2338495 314758 314758
2770 2653253 2338495 314758 314758
2780 2653253 2338495 314758 314758
2790 2653253 2338495 314758 314758
2800 2653253 2338495 314758 314758
2810 2653253 2338495 314758 314758
2820 2653253 2338495 314758 314758
2830 2653253 2338495 314758 314758
2840 2653253 2338495 314758 314758
2850 2653253 2338495 314758 314758
2860 2653253 2338495 314758 314758
2870 2653253 2338495 314758 314758
2880 2653253 2338495 314758 314758
2890 2653253 2338495 314758 314758
2900 2653253 2338495 314758 314758
2910 2653253 2338495 314758 314758
2920 2653253 2338495 314758 314758
2930 2653253 2338495 314758 314758
2940 2653253 2338495 314758 314758
2950 2653253 2338495 314758 314758
2960 2653253 2338495 314758 314758
2970 2653253 2338495 314758 314758
2980 2653253 2338495 314758 314758
2990 2653253 2338495 314758 314758
3000 2653253 2338495 314758 314758
3010 2653253 2338495 314758 314758
3020 2653253 2338495 314758 314758
3030 2653253 2338495 314758 314758
3040 2653253 2338495 314758 314758
3050 2653253 2338495 314758 314758
3060 2653253 2338495 314758 314758
3070 2653253 2338495 314758 314758
3080 2653253 2338495 314758 314758
3090 2653253 2338495 314758 314758
3100 2653253 2338495 314758 314758
3110 2653253 2338495 314758 314758
3120 2653253 2338495 314758 314758
3130 2653253 2338495 314758 314758
3140 2653253 2338495 314758 314758
3150 2653253 2338495 314758 314758
3160 2653253 2338495 314758 314758
3170 2653253 2338495 314758 314758
3180 2653253 2338495 314758 314758
3190 2653253 2338495 314758 314758
3200 2653253 2338495 314758 314758
3210 2653253 2338495 314758 314758
3220 2653253 2338495 314758 314758
3230 2653253 2338495 314758 314758
3240 2653253 2338495 314758 314758
3250 2653253 2338495 314758 314758
3260 2653253 2338495 314758 314758
3270 2653253 2338495 314758 314758
3280 2653253 2338495 314758 314758
3290 2653253 2338495 314758 314758
3300 2653253 2338495 314758 314758
3310 2653253 2338495 314758 314758
3320 2653253 2338495 314758 314758
3330 2653253 2338495 314758 314758
3340 2653253 2338495 314758 314758
3350 2653253 2338495 314758 314758
3360 2653253 2338495 314758 314758
3370 2653253 2338495 314758 314758
3380 2653253 2338495 314758 314758
3390 2653253 2338495 314758 314758
3400 2653253 2338495 314758 314758
3410 2653253 2338495 314758 314758
3420 2653253 2338495 314758 314758
3430 2653253 2338495 314758 314758
3440 2653253 2338495 314758 314758
3450 2653253 2338495 314758 314758
3460 2653253 2338495 314758 314758
3470 2653253 2338495 314758 314758
3480 2653253 2338495 314758 314758
3490 2653253 2338495 314758 314758
3500 2653253 2338495 314758 314758
3510 2653253 2338495 314758 314758
3520 2653253 2338495 314758 314758
3530 2653253 2338495 314758 314758
3540 2653253 2338495 314758 314758
3550 2653253 2338495 314758 314758
3560 2653253 2338495 314758 314758
3570 2653253 2338495 314758 314758
3580 2653253 2338495 314758 314758
3590 2653253 2338495 314758 314758
3600 2653253 2338495 314758 314758
3610 2653253 2338495 314758 314758
3620 2653253 2338495 314758 314758
3630 2653253 2338495 314758 314758
3640 2653253 2338495 314758 314758
3650 2653253 2338495 314758 314758
3660 2653253 2338495 314758 314758
3670 2653253 2338495 314758 314758
3680 2653253 2338495 314758 314758
3690 2653253 2338495 314758 314758
3700 2653253 2338495 314758 314758
3710 2653253 2338495 314758 314758
3720 2653253 2338495 314758 314758
3730 2653253 2338495 314758 314758
3740 2653253 2338495 314758 314758
3750 2653253 2338495 314758 314758
3760 2653253 2338495 314758 314758
3770 2653253 2338495 314758 314758
3780 2653253 2338495 314758 314758
3790 2653253 2338495 314758 314758
3800 2653253 2338495 314758 314758
3810 2653253 2338495 314758 314758
3820 2653253 2338495 314758 314758
3830 2653253 2338495 314758 314758
3840 2653253 2338495 314758 314758
3850 2653253 2338495 314758 314758
3860 2653253 2338495 314758 314758
3870 2653253 2338495 314758 314758
3880 2653253 2338495 314758 314758
3890 2653253 2338495 314758 314758
3900 2653253 2338495 314758 314758
3910 2653253 2338495 314758 314758
3920 2653253 2338495 314758 314758
3930 2653253 2338495 314758 314758
3940 2653253 2338495 314758 314758
3950 2653253 2338495 314758 314758
3960 2653253 2338495 314758 314758
3970 2653253 2338495 314758 314758
3980 2653253 2338495 314758 314758
3990 2653253 2338495 314758 314758
4000 2653253 2338495 314758 314758
4010 2653253 2338495 314758 314758
4020 2653253 2338495 314758 314758
4030 2653253 2338495 314758 314758
4040 2653253 2338495 314758 314758
4050 2653253 2338495 314758 314758
4060 2653253 2338495 314758 314758
4070 2653253 2338495 314758 314758
4080 2653253 2338495 314758 314758
4090 2653253 2338495 314758 314758
4100 2653253 2338495 314758 314758
4110 2653253 2338495 314758 314758
4120 2653253 2338495 314758 314758
4130 2653253 2338495 314758 314758
4140 2653253 2338495 314758 314758
4150 2653253 2338495 314758 314758
4160 2653253 2338495 314758 314758
4170 2653253 2338495 314758 314758
4180 2653253 2338495 314758 314758
4190 2653253 2338495 314758 314758
4200 2653253 2338495 314758 314758
4210 2653253 2338495 314758 314758
4220 2653253 2338495 314758 314758
4230 2653253 2338495 314758 314758
4240 2653253 2338495 314758 314758
4250 2653253 2338495 314758 314758
4260 2653253 2338495 314758 314758
4270 2653253 2338495 314758 314758
4280 2653253 2338495 314758 314758
4290 2653253 2338495 314758 314758
4300 2653253 2338495 314758 314758
4310 2653253 2338495 314758 314758
4320 2653253 2338495 314758 314758
4330 2653253 2338495 314758 314758
4340 2653253 2338495 314758 314758
4350 2653253 2338495 314758 314758
4360 2653253 2338495 314758 314758
4370 2653253 2338495 314758 314758
4380 2653253 2338495 314758 314758
4390 2653253 2338495 314758 314758
4400 2653253 2338495 314758 314758
4410 2653253 2338495 314758 314758
4420 2653253 2338495 314758 314758
4430 2653253 2338495 314758 314758
4440 2653253 2338495 314758 314758
4450 2653253 2338495 314758 314758
4460 2653253 2338495 314758 314758
4470 2653253 2338495 314758 314758
4480 2653253 2338495 314758 314758
4490 2653253 2338495 314758 314758
4500 2653253 2338495 314758 314758
4510 2653253 2338495 314758 314758
4520 2653253 2338495 314758 314758
4530 2653253 2338495 314758 314758
4540 2653253 2338495 314758 314758
4550 2653253 2338495 314758 314758
4560 2653253 2338495 314758 314758
4570 2653253 2338495 314758 314758
4580 2653253 2338495 314758 314758
4590 2653253 2338495 314758 314758
4600 2653253 2338495 314758 314758
4610 2653253 2338495 314758 314758
4620 2653253 2338495 314758 314758
4630 2653253 2338495 314758 314758
4640 2653253 2338495 314758 314758
4650 2653253 2338495 314758 314758
4660 2653253 2338495 314758 314758
4670 2653253 2338495 314758 314758
4680 2653253 2338495 314758 314758
4690 2653253 2338495 314758 314758
4700 2653253 2338495 314758 314758
4710 2653253 2338495 314758 314758
4720 2653253 2338495 314758 314758
4730 2653253 2338495 314758 314758
4740 2653253 2338495 314758 314758
4750 2653253 2338495 314758 314758
4760 2653253 2338495 314758 314758
4770 2653253 2338495 314758 314758
4780 2653253 2338495 314758 314758
4790 2653253 2338495 314758 314758
4800 2653253 2338495 314758 314758
4810 2653253 2338495 314758 314758
4820 2653253 2338495 314758 314758
4830 2653253 2338495 314758 314758
4840 2653253 2338495 314758 314758
4850 2653253 2338495 314758 314758
4860 2653253 2338495 314758 314758
4870 2653253 2338495 314758 314758
4880 2653253 2338495 314758 314758
4890 2653253 2338495 314758 314758
4900 2653253 2338495 314758 314758
4910 2653253 2338495 314758 314758
4920 2653253 2338495 314758 314758
4930 2653253 2338495 314758 314758
4940 2653253 2338495 314758 314758
4950 2653253 2338495 314758 314758
4960 2653253 2338495 314758 314758
4970 2653253 2338495 314758 314758
4980 2653253 2338495 314758 314758
4990 2653253 2338495 314758 314758
5000 2653253 2338495 314758 314758
5010 2653253 2338495 314758 314758
5020 2653253 2338495 314758 314758
5030 2653253 2338495 314758 314758
5040 2653253 2338495 314758 314758
5050 2653253 2338495 314758 314758
5060 2653253 2338495 314758 314758
5070 2653253 2338495 314758 314758
5080 2653253 2338495 314758 314758
5090 2653253 2338495 314758 314758
5100 2653253 2338495 314758 314758
5110 2653253 2338495 314758 314758
5120 2653253 2338495 314758 314758
5130 2653253 2338495 314758 314758
5140 2653253 2338495 314758 314758
5150 2653253 2338495 314758 314758
5160 2653253 2338495 314758 314758
5170 2653253 2338495 314758 314758
5180 2653253 2338495 314758 314758
5190 2653253 2338495 314758 314758
5200 2653253 2338495 314758 314758
5210 2653253 2338495 314758 314758
5220 2653253 2338495 314758 314758
5230 2653253 2338495 314758 314758
5240 2653253 2338495 314758 314758
5250 2653253 2338495 314758 314758
5260 2653253 2338495 314758 314758
5270 2653253 2338495 314758 314758
5280 2653253 2338495 314758 314758
5290 2653253 2338495 314758 314758
5300 2653253 2338495 314758 314758
5310 2653253 2338495 314758 314758
5320 2653253 2338495 314758 314758
5330 2653253 2338495 314758 314758
5340 2653253 2338495 314758 314758
5350 2653253 2338495 314758 314758
5360 2653253 2338495 314758 314758
5370 2653253 2338495 314758 314758
5380 2653253 2338495 314758 314758
5390 2653253 2338495 314758 314758
5400 2653253 2338495 314758 314758
5410 2653253 2338495 314758 314758
5420 2653253 2338495 314758 314758
5430 2653253 2338495 314758 314758
5440 2653253 2338495 314758 314758
5450 2653253 2338495 314758 314758
5460 2653253 2338495 314758 314758
5470 2653253 2338495 314758 314758
5480 2653253 2338495 314758 314758
5490 2653253 2338495 314758 314758
5500 2653253 2338495 314758 314758
5510 2653253 2338495 314758 314758
5520 2653253 2338495 314758 314758
5530 2653253 2338495 314758 314758
5540 2653253 2338495 314758 314758
5550 2653253 2338495 314758 314758
5560 2653253 2338495 314758 314758
5570 2653253 2338495 314758 314758
5580 2653253 2338495 314758 314758
5590 2653253 2338495 314758 314758
5600 2653253 2338495 314758 314758
5610 2653253 2338495 314758 314758
5620 2653253 2338495 314758 314758
5630 2653253 2338495 314758 314758
5640 2653253 2338495 314758 314758
5650 2653253 2338495 314758 314758
5660 2653253 2338495 314758 314758
5670 2653253 2338495 314758 314758
5680 2653253 2338495 314758 314758
5690 2653253 2338495 314758 314758
5700 2653253 2338495 314758 314758
5710 2653253 2338495 314758 314758
5720 2653253 2338495 314758 314758
5730 2653253 2338495 314758 314758
5740 2653253 2338495 314758 314758
5750 2653253 2338495 314758 314758
5760 2653253 2338495 314758 314758
5770 2653253 2338495 314758 314758
5780 2653253 2338495 314758 314758
5790 2653253 2338495 314758 314758
5800 2653253 2338495 314758 314758
5810 2653253 2338495 314758 314758
5820 2653253 2338495 314758 314758
5830 2653253 2338495 314758 314758
5840 2653253 2338495 314758 314758
5850 2653253 2338495 314758 314758
5860 2653253 2338495 314758 314758
5870 2653253 2338495 314758 314758
5880 2653253 2338495 314758 314758
5890 2653253 2338495 314758 314758
5900 2653253 2338495 314758 314758
5910 2653253 2338495 314758 314758
5920 2653253 2338495 314758 314758
5930 2653253 2338495 314758 314758
5940 2653253 2338495 314758 314758
5950 2653253 2338495 314758 314758
5960 2653253 2338495 314758 314758
5970 2653253 2338495 314758 314758
5980 2653253 2338495 314758 314758
5990 2653253 2338495 314758 314758
6000 2653253 2338495 314758 314758
6010 2653253 2338495 314758 314758
6020 2653253 2338495 314758 314758
6030 2653253 2338495 314758 314758
6040 2653253 2338495 314758 314758
6050 2653253 2338495 314758 314758
6060 2653253 2338495 314758 314758
6070 2653253 2338495 314758 314758
6080 2653253 2338495 314758 314758
6090 2653253 2338495 314758 314758
6100 2653253 2338495 314758 314758
6110 2653253 2338495 314758 314758
6120 2653253 2338495 314758 314758
6130 2653253 2338495 314758 314758
6140 2653253 2338495 314758 314758
6150 2653253 2338495 314758 314758
6160 2653253 2338495 314758 314758
6170 2653253 2338495 314758 314758
6180 2653253 2338495 314758 314758
6190 2653253 2338495 314758 314758
6200 2653253 2338495 314758 314758
6210 2653253 2338495 314758 314758
6220 2653253 2338495 314758 314758
6230 2653253 2338495 314758 314758
6240 2653253 2338495 314758 314758
6250 2653253 2338495 314758 314758
6260 2653253 2338495 314758 314758
6270 2653253 2338495 314758 314758
6280 2653253 2338495 314758 314758
6290 2653253 2338495 314758 314758
6300 2653253 2338495 314758 314758
6310 2653253 2338495 314758 314758
6320 2653253 2338495 314758 314758
6330 2653253 2338495 314758 314758
6340 2653253 2338495 314758 314758
6350 2653253 2338495 314758 314758
6360 2653253 2338495 314758 314758
6370 2653253 2338495 314758 314758
6380 2653253 2338495 314758 314758
6390 2653253 2338495 314758 314758

