Optimal path [nodeId(time to the node):
36(0) -> 16(150) -> 22(111) -> 30(129) -> 45(135) -> 37(151) -> 5(132) -> 38(138) -> 6(121) -> 31(165) -> 0(129) -> 7(129) -> 23(146) -> 13(144) -> 2(144) -> 26(154) -> 20(144) -> 46(138) -> 21(151) -> 3(144) -> 18(151) -> 40(179) -> 35(143) -> 32(145) -> 29(147) -> 14(133) -> 49(137) -> 25(124) -> 24(139) -> 11(155) -> 10(117) -> 43(136) -> 19(133) -> 12(117) -> 28(136) -> 33(149) -> 41(117) -> 42(133) -> 48(120) -> 8(138) -> 17(149) -> 15(122) -> 1(141) -> 9(133) -> 27(140) -> 4(145) -> 34(137) -> 47(135) -> 44(146) -> 39(156)
Total time of delivery: 6808
The cost function value: 2415398

Statistics at the end of simulation: 
Residents: 2653253
Illness cases: 2415399 --> [91.03538185012889%]
Healthy residents: 237854 --> [8.96461814987112%]
Vaccinated residents237854 --> [8.96461814987112%]

Statistics of each node: 
id residentsNumber illnessCases healthyResidents vaccinated
36 51676 1 51675 51675
16 96804 88 96716 96716
22 91889 2426 89463 89463
30 12230 12230 0 0
45 86355 86355 0 0
37 13995 13995 0 0
5 90210 90210 0 0
38 89747 89747 0 0
6 90185 90185 0 0
31 26553 26553 0 0
0 63772 63772 0 0
7 52412 52412 0 0
23 13962 13962 0 0
13 57370 57370 0 0
2 59636 59636 0 0
26 17928 17928 0 0
20 71926 71926 0 0
46 58433 58433 0 0
21 80840 80840 0 0
3 16050 16050 0 0
18 34212 34212 0 0
40 37916 37916 0 0
35 65482 65482 0 0
32 32778 32778 0 0
29 86455 86455 0 0
14 33326 33326 0 0
49 63359 63359 0 0
25 87768 87768 0 0
24 61926 61926 0 0
11 36243 36243 0 0
10 27278 27278 0 0
43 26088 26088 0 0
19 30140 30140 0 0
12 38389 38389 0 0
28 85687 85687 0 0
33 44211 44211 0 0
41 66159 66159 0 0
42 22928 22928 0 0
48 41563 41563 0 0
8 59097 59097 0 0
17 46965 46965 0 0
15 65892 65892 0 0
1 49826 49826 0 0
9 90298 90298 0 0
27 25692 25692 0 0
4 34099 34099 0 0
34 44159 44159 0 0
47 70879 70879 0 0
44 22955 22955 0 0
39 79510 79510 0 0

Statistics step by step: 
minute residentsNumber illnessCases healthyResidents vaccinated
0 2653253 50 2653203 51675
10 2653253 50 2653203 51675
20 2653253 50 2653203 51675
30 2653253 99 2653154 51675
40 2653253 148 2653105 51675
50 2653253 197 2653056 51675
60 2653253 295 2652958 51675
70 2653253 393 2652860 51675
80 2653253 491 2652762 51675
90 2653253 687 2652566 51675
100 2653253 932 2652321 51675
110 2653253 1275 2651978 51675
120 2653253 1765 2651488 51675
130 2653253 2353 2650900 51675
140 2653253 3186 2650067 51675
150 2653253 4313 2648940 148391
160 2653253 5753 2647500 148391
170 2653253 7769 2645484 148391
180 2653253 10457 2642796 148391
190 2653253 14057 2639196 148391
200 2653253 18905 2634348 148391
210 2653253 25481 2627772 148391
220 2653253 34313 2618940 148391
230 2653253 46217 2607036 148391
240 2653253 62297 2590956 148391
250 2653253 83945 2569308 148391
260 2653253 113081 2540172 148391
270 2653253 151693 2501560 237854
280 2653253 203628 2449625 237854
290 2653253 273611 2379642 237854
300 2653253 367987 2285266 237854
310 2653253 495169 2158084 237854
320 2653253 664378 1988875 237854
330 2653253 876654 1776599 237854
340 2653253 1149563 1503690 237854
350 2653253 1465670 1187583 237854
360 2653253 1801610 851643 237854
370 2653253 2150039 503214 237854
380 2653253 2386926 266327 237854
390 2653253 2415399 237854 237854
400 2653253 2415399 237854 237854
410 2653253 2415399 237854 237854
420 2653253 2415399 237854 237854
430 2653253 2415399 237854 237854
440 2653253 2415399 237854 237854
450 2653253 2415399 237854 237854
460 2653253 2415399 237854 237854
470 2653253 2415399 237854 237854
480 2653253 2415399 237854 237854
490 2653253 2415399 237854 237854
500 2653253 2415399 237854 237854
510 2653253 2415399 237854 237854
520 2653253 2415399 237854 237854
530 2653253 2415399 237854 237854
540 2653253 2415399 237854 237854
550 2653253 2415399 237854 237854
560 2653253 2415399 237854 237854
570 2653253 2415399 237854 237854
580 2653253 2415399 237854 237854
590 2653253 2415399 237854 237854
600 2653253 2415399 237854 237854
610 2653253 2415399 237854 237854
620 2653253 2415399 237854 237854
630 2653253 2415399 237854 237854
640 2653253 2415399 237854 237854
650 2653253 2415399 237854 237854
660 2653253 2415399 237854 237854
670 2653253 2415399 237854 237854
680 2653253 2415399 237854 237854
690 2653253 2415399 237854 237854
700 2653253 2415399 237854 237854
710 2653253 2415399 237854 237854
720 2653253 2415399 237854 237854
730 2653253 2415399 237854 237854
740 2653253 2415399 237854 237854
750 2653253 2415399 237854 237854
760 2653253 2415399 237854 237854
770 2653253 2415399 237854 237854
780 2653253 2415399 237854 237854
790 2653253 2415399 237854 237854
800 2653253 2415399 237854 237854
810 2653253 2415399 237854 237854
820 2653253 2415399 237854 237854
830 2653253 2415399 237854 237854
840 2653253 2415399 237854 237854
850 2653253 2415399 237854 237854
860 2653253 2415399 237854 237854
870 2653253 2415399 237854 237854
880 2653253 2415399 237854 237854
890 2653253 2415399 237854 237854
900 2653253 2415399 237854 237854
910 2653253 2415399 237854 237854
920 2653253 2415399 237854 237854
930 2653253 2415399 237854 237854
940 2653253 2415399 237854 237854
950 2653253 2415399 237854 237854
960 2653253 2415399 237854 237854
970 2653253 2415399 237854 237854
980 2653253 2415399 237854 237854
990 2653253 2415399 237854 237854
1000 2653253 2415399 237854 237854
1010 2653253 2415399 237854 237854
1020 2653253 2415399 237854 237854
1030 2653253 2415399 237854 237854
1040 2653253 2415399 237854 237854
1050 2653253 2415399 237854 237854
1060 2653253 2415399 237854 237854
1070 2653253 2415399 237854 237854
1080 2653253 2415399 237854 237854
1090 2653253 2415399 237854 237854
1100 2653253 2415399 237854 237854
1110 2653253 2415399 237854 237854
1120 2653253 2415399 237854 237854
1130 2653253 2415399 237854 237854
1140 2653253 2415399 237854 237854
1150 2653253 2415399 237854 237854
1160 2653253 2415399 237854 237854
1170 2653253 2415399 237854 237854
1180 2653253 2415399 237854 237854
1190 2653253 2415399 237854 237854
1200 2653253 2415399 237854 237854
1210 2653253 2415399 237854 237854
1220 2653253 2415399 237854 237854
1230 2653253 2415399 237854 237854
1240 2653253 2415399 237854 237854
1250 2653253 2415399 237854 237854
1260 2653253 2415399 237854 237854
1270 2653253 2415399 237854 237854
1280 2653253 2415399 237854 237854
1290 2653253 2415399 237854 237854
1300 2653253 2415399 237854 237854
1310 2653253 2415399 237854 237854
1320 2653253 2415399 237854 237854
1330 2653253 2415399 237854 237854
1340 2653253 2415399 237854 237854
1350 2653253 2415399 237854 237854
1360 2653253 2415399 237854 237854
1370 2653253 2415399 237854 237854
1380 2653253 2415399 237854 237854
1390 2653253 2415399 237854 237854
1400 2653253 2415399 237854 237854
1410 2653253 2415399 237854 237854
1420 2653253 2415399 237854 237854
1430 2653253 2415399 237854 237854
1440 2653253 2415399 237854 237854
1450 2653253 2415399 237854 237854
1460 2653253 2415399 237854 237854
1470 2653253 2415399 237854 237854
1480 2653253 2415399 237854 237854
1490 2653253 2415399 237854 237854
1500 2653253 2415399 237854 237854
1510 2653253 2415399 237854 237854
1520 2653253 2415399 237854 237854
1530 2653253 2415399 237854 237854
1540 2653253 2415399 237854 237854
1550 2653253 2415399 237854 237854
1560 2653253 2415399 237854 237854
1570 2653253 2415399 237854 237854
1580 2653253 2415399 237854 237854
1590 2653253 2415399 237854 237854
1600 2653253 2415399 237854 237854
1610 2653253 2415399 237854 237854
1620 2653253 2415399 237854 237854
1630 2653253 2415399 237854 237854
1640 2653253 2415399 237854 237854
1650 2653253 2415399 237854 237854
1660 2653253 2415399 237854 237854
1670 2653253 2415399 237854 237854
1680 2653253 2415399 237854 237854
1690 2653253 2415399 237854 237854
1700 2653253 2415399 237854 237854
1710 2653253 2415399 237854 237854
1720 2653253 2415399 237854 237854
1730 2653253 2415399 237854 237854
1740 2653253 2415399 237854 237854
1750 2653253 2415399 237854 237854
1760 2653253 2415399 237854 237854
1770 2653253 2415399 237854 237854
1780 2653253 2415399 237854 237854
1790 2653253 2415399 237854 237854
1800 2653253 2415399 237854 237854
1810 2653253 2415399 237854 237854
1820 2653253 2415399 237854 237854
1830 2653253 2415399 237854 237854
1840 2653253 2415399 237854 237854
1850 2653253 2415399 237854 237854
1860 2653253 2415399 237854 237854
1870 2653253 2415399 237854 237854
1880 2653253 2415399 237854 237854
1890 2653253 2415399 237854 237854
1900 2653253 2415399 237854 237854
1910 2653253 2415399 237854 237854
1920 2653253 2415399 237854 237854
1930 2653253 2415399 237854 237854
1940 2653253 2415399 237854 237854
1950 2653253 2415399 237854 237854
1960 2653253 2415399 237854 237854
1970 2653253 2415399 237854 237854
1980 2653253 2415399 237854 237854
1990 2653253 2415399 237854 237854
2000 2653253 2415399 237854 237854
2010 2653253 2415399 237854 237854
2020 2653253 2415399 237854 237854
2030 2653253 2415399 237854 237854
2040 2653253 2415399 237854 237854
2050 2653253 2415399 237854 237854
2060 2653253 2415399 237854 237854
2070 2653253 2415399 237854 237854
2080 2653253 2415399 237854 237854
2090 2653253 2415399 237854 237854
2100 2653253 2415399 237854 237854
2110 2653253 2415399 237854 237854
2120 2653253 2415399 237854 237854
2130 2653253 2415399 237854 237854
2140 2653253 2415399 237854 237854
2150 2653253 2415399 237854 237854
2160 2653253 2415399 237854 237854
2170 2653253 2415399 237854 237854
2180 2653253 2415399 237854 237854
2190 2653253 2415399 237854 237854
2200 2653253 2415399 237854 237854
2210 2653253 2415399 237854 237854
2220 2653253 2415399 237854 237854
2230 2653253 2415399 237854 237854
2240 2653253 2415399 237854 237854
2250 2653253 2415399 237854 237854
2260 2653253 2415399 237854 237854
2270 2653253 2415399 237854 237854
2280 2653253 2415399 237854 237854
2290 2653253 2415399 237854 237854
2300 2653253 2415399 237854 237854
2310 2653253 2415399 237854 237854
2320 2653253 2415399 237854 237854
2330 2653253 2415399 237854 237854
2340 2653253 2415399 237854 237854
2350 2653253 2415399 237854 237854
2360 2653253 2415399 237854 237854
2370 2653253 2415399 237854 237854
2380 2653253 2415399 237854 237854
2390 2653253 2415399 237854 237854
2400 2653253 2415399 237854 237854
2410 2653253 2415399 237854 237854
2420 2653253 2415399 237854 237854
2430 2653253 2415399 237854 237854
2440 2653253 2415399 237854 237854
2450 2653253 2415399 237854 237854
2460 2653253 2415399 237854 237854
2470 2653253 2415399 237854 237854
2480 2653253 2415399 237854 237854
2490 2653253 2415399 237854 237854
2500 2653253 2415399 237854 237854
2510 2653253 2415399 237854 237854
2520 2653253 2415399 237854 237854
2530 2653253 2415399 237854 237854
2540 2653253 2415399 237854 237854
2550 2653253 2415399 237854 237854
2560 2653253 2415399 237854 237854
2570 2653253 2415399 237854 237854
2580 2653253 2415399 237854 237854
2590 2653253 2415399 237854 237854
2600 2653253 2415399 237854 237854
2610 2653253 2415399 237854 237854
2620 2653253 2415399 237854 237854
2630 2653253 2415399 237854 237854
2640 2653253 2415399 237854 237854
2650 2653253 2415399 237854 237854
2660 2653253 2415399 237854 237854
2670 2653253 2415399 237854 237854
2680 2653253 2415399 237854 237854
2690 2653253 2415399 237854 237854
2700 2653253 2415399 237854 237854
2710 2653253 2415399 237854 237854
2720 2653253 2415399 237854 237854
2730 2653253 2415399 237854 237854
2740 2653253 2415399 237854 237854
2750 2653253 2415399 237854 237854
2760 2653253 2415399 237854 237854
2770 2653253 2415399 237854 237854
2780 2653253 2415399 237854 237854
2790 2653253 2415399 237854 237854
2800 2653253 2415399 237854 237854
2810 2653253 2415399 237854 237854
2820 2653253 2415399 237854 237854
2830 2653253 2415399 237854 237854
2840 2653253 2415399 237854 237854
2850 2653253 2415399 237854 237854
2860 2653253 2415399 237854 237854
2870 2653253 2415399 237854 237854
2880 2653253 2415399 237854 237854
2890 2653253 2415399 237854 237854
2900 2653253 2415399 237854 237854
2910 2653253 2415399 237854 237854
2920 2653253 2415399 237854 237854
2930 2653253 2415399 237854 237854
2940 2653253 2415399 237854 237854
2950 2653253 2415399 237854 237854
2960 2653253 2415399 237854 237854
2970 2653253 2415399 237854 237854
2980 2653253 2415399 237854 237854
2990 2653253 2415399 237854 237854
3000 2653253 2415399 237854 237854
3010 2653253 2415399 237854 237854
3020 2653253 2415399 237854 237854
3030 2653253 2415399 237854 237854
3040 2653253 2415399 237854 237854
3050 2653253 2415399 237854 237854
3060 2653253 2415399 237854 237854
3070 2653253 2415399 237854 237854
3080 2653253 2415399 237854 237854
3090 2653253 2415399 237854 237854
3100 2653253 2415399 237854 237854
3110 2653253 2415399 237854 237854
3120 2653253 2415399 237854 237854
3130 2653253 2415399 237854 237854
3140 2653253 2415399 237854 237854
3150 2653253 2415399 237854 237854
3160 2653253 2415399 237854 237854
3170 2653253 2415399 237854 237854
3180 2653253 2415399 237854 237854
3190 2653253 2415399 237854 237854
3200 2653253 2415399 237854 237854
3210 2653253 2415399 237854 237854
3220 2653253 2415399 237854 237854
3230 2653253 2415399 237854 237854
3240 2653253 2415399 237854 237854
3250 2653253 2415399 237854 237854
3260 2653253 2415399 237854 237854
3270 2653253 2415399 237854 237854
3280 2653253 2415399 237854 237854
3290 2653253 2415399 237854 237854
3300 2653253 2415399 237854 237854
3310 2653253 2415399 237854 237854
3320 2653253 2415399 237854 237854
3330 2653253 2415399 237854 237854
3340 2653253 2415399 237854 237854
3350 2653253 2415399 237854 237854
3360 2653253 2415399 237854 237854
3370 2653253 2415399 237854 237854
3380 2653253 2415399 237854 237854
3390 2653253 2415399 237854 237854
3400 2653253 2415399 237854 237854
3410 2653253 2415399 237854 237854
3420 2653253 2415399 237854 237854
3430 2653253 2415399 237854 237854
3440 2653253 2415399 237854 237854
3450 2653253 2415399 237854 237854
3460 2653253 2415399 237854 237854
3470 2653253 2415399 237854 237854
3480 2653253 2415399 237854 237854
3490 2653253 2415399 237854 237854
3500 2653253 2415399 237854 237854
3510 2653253 2415399 237854 237854
3520 2653253 2415399 237854 237854
3530 2653253 2415399 237854 237854
3540 2653253 2415399 237854 237854
3550 2653253 2415399 237854 237854
3560 2653253 2415399 237854 237854
3570 2653253 2415399 237854 237854
3580 2653253 2415399 237854 237854
3590 2653253 2415399 237854 237854
3600 2653253 2415399 237854 237854
3610 2653253 2415399 237854 237854
3620 2653253 2415399 237854 237854
3630 2653253 2415399 237854 237854
3640 2653253 2415399 237854 237854
3650 2653253 2415399 237854 237854
3660 2653253 2415399 237854 237854
3670 2653253 2415399 237854 237854
3680 2653253 2415399 237854 237854
3690 2653253 2415399 237854 237854
3700 2653253 2415399 237854 237854
3710 2653253 2415399 237854 237854
3720 2653253 2415399 237854 237854
3730 2653253 2415399 237854 237854
3740 2653253 2415399 237854 237854
3750 2653253 2415399 237854 237854
3760 2653253 2415399 237854 237854
3770 2653253 2415399 237854 237854
3780 2653253 2415399 237854 237854
3790 2653253 2415399 237854 237854
3800 2653253 2415399 237854 237854
3810 2653253 2415399 237854 237854
3820 2653253 2415399 237854 237854
3830 2653253 2415399 237854 237854
3840 2653253 2415399 237854 237854
3850 2653253 2415399 237854 237854
3860 2653253 2415399 237854 237854
3870 2653253 2415399 237854 237854
3880 2653253 2415399 237854 237854
3890 2653253 2415399 237854 237854
3900 2653253 2415399 237854 237854
3910 2653253 2415399 237854 237854
3920 2653253 2415399 237854 237854
3930 2653253 2415399 237854 237854
3940 2653253 2415399 237854 237854
3950 2653253 2415399 237854 237854
3960 2653253 2415399 237854 237854
3970 2653253 2415399 237854 237854
3980 2653253 2415399 237854 237854
3990 2653253 2415399 237854 237854
4000 2653253 2415399 237854 237854
4010 2653253 2415399 237854 237854
4020 2653253 2415399 237854 237854
4030 2653253 2415399 237854 237854
4040 2653253 2415399 237854 237854
4050 2653253 2415399 237854 237854
4060 2653253 2415399 237854 237854
4070 2653253 2415399 237854 237854
4080 2653253 2415399 237854 237854
4090 2653253 2415399 237854 237854
4100 2653253 2415399 237854 237854
4110 2653253 2415399 237854 237854
4120 2653253 2415399 237854 237854
4130 2653253 2415399 237854 237854
4140 2653253 2415399 237854 237854
4150 2653253 2415399 237854 237854
4160 2653253 2415399 237854 237854
4170 2653253 2415399 237854 237854
4180 2653253 2415399 237854 237854
4190 2653253 2415399 237854 237854
4200 2653253 2415399 237854 237854
4210 2653253 2415399 237854 237854
4220 2653253 2415399 237854 237854
4230 2653253 2415399 237854 237854
4240 2653253 2415399 237854 237854
4250 2653253 2415399 237854 237854
4260 2653253 2415399 237854 237854
4270 2653253 2415399 237854 237854
4280 2653253 2415399 237854 237854
4290 2653253 2415399 237854 237854
4300 2653253 2415399 237854 237854
4310 2653253 2415399 237854 237854
4320 2653253 2415399 237854 237854
4330 2653253 2415399 237854 237854
4340 2653253 2415399 237854 237854
4350 2653253 2415399 237854 237854
4360 2653253 2415399 237854 237854
4370 2653253 2415399 237854 237854
4380 2653253 2415399 237854 237854
4390 2653253 2415399 237854 237854
4400 2653253 2415399 237854 237854
4410 2653253 2415399 237854 237854
4420 2653253 2415399 237854 237854
4430 2653253 2415399 237854 237854
4440 2653253 2415399 237854 237854
4450 2653253 2415399 237854 237854
4460 2653253 2415399 237854 237854
4470 2653253 2415399 237854 237854
4480 2653253 2415399 237854 237854
4490 2653253 2415399 237854 237854
4500 2653253 2415399 237854 237854
4510 2653253 2415399 237854 237854
4520 2653253 2415399 237854 237854
4530 2653253 2415399 237854 237854
4540 2653253 2415399 237854 237854
4550 2653253 2415399 237854 237854
4560 2653253 2415399 237854 237854
4570 2653253 2415399 237854 237854
4580 2653253 2415399 237854 237854
4590 2653253 2415399 237854 237854
4600 2653253 2415399 237854 237854
4610 2653253 2415399 237854 237854
4620 2653253 2415399 237854 237854
4630 2653253 2415399 237854 237854
4640 2653253 2415399 237854 237854
4650 2653253 2415399 237854 237854
4660 2653253 2415399 237854 237854
4670 2653253 2415399 237854 237854
4680 2653253 2415399 237854 237854
4690 2653253 2415399 237854 237854
4700 2653253 2415399 237854 237854
4710 2653253 2415399 237854 237854
4720 2653253 2415399 237854 237854
4730 2653253 2415399 237854 237854
4740 2653253 2415399 237854 237854
4750 2653253 2415399 237854 237854
4760 2653253 2415399 237854 237854
4770 2653253 2415399 237854 237854
4780 2653253 2415399 237854 237854
4790 2653253 2415399 237854 237854
4800 2653253 2415399 237854 237854
4810 2653253 2415399 237854 237854
4820 2653253 2415399 237854 237854
4830 2653253 2415399 237854 237854
4840 2653253 2415399 237854 237854
4850 2653253 2415399 237854 237854
4860 2653253 2415399 237854 237854
4870 2653253 2415399 237854 237854
4880 2653253 2415399 237854 237854
4890 2653253 2415399 237854 237854
4900 2653253 2415399 237854 237854
4910 2653253 2415399 237854 237854
4920 2653253 2415399 237854 237854
4930 2653253 2415399 237854 237854
4940 2653253 2415399 237854 237854
4950 2653253 2415399 237854 237854
4960 2653253 2415399 237854 237854
4970 2653253 2415399 237854 237854
4980 2653253 2415399 237854 237854
4990 2653253 2415399 237854 237854
5000 2653253 2415399 237854 237854
5010 2653253 2415399 237854 237854
5020 2653253 2415399 237854 237854
5030 2653253 2415399 237854 237854
5040 2653253 2415399 237854 237854
5050 2653253 2415399 237854 237854
5060 2653253 2415399 237854 237854
5070 2653253 2415399 237854 237854
5080 2653253 2415399 237854 237854
5090 2653253 2415399 237854 237854
5100 2653253 2415399 237854 237854
5110 2653253 2415399 237854 237854
5120 2653253 2415399 237854 237854
5130 2653253 2415399 237854 237854
5140 2653253 2415399 237854 237854
5150 2653253 2415399 237854 237854
5160 2653253 2415399 237854 237854
5170 2653253 2415399 237854 237854
5180 2653253 2415399 237854 237854
5190 2653253 2415399 237854 237854
5200 2653253 2415399 237854 237854
5210 2653253 2415399 237854 237854
5220 2653253 2415399 237854 237854
5230 2653253 2415399 237854 237854
5240 2653253 2415399 237854 237854
5250 2653253 2415399 237854 237854
5260 2653253 2415399 237854 237854
5270 2653253 2415399 237854 237854
5280 2653253 2415399 237854 237854
5290 2653253 2415399 237854 237854
5300 2653253 2415399 237854 237854
5310 2653253 2415399 237854 237854
5320 2653253 2415399 237854 237854
5330 2653253 2415399 237854 237854
5340 2653253 2415399 237854 237854
5350 2653253 2415399 237854 237854
5360 2653253 2415399 237854 237854
5370 2653253 2415399 237854 237854
5380 2653253 2415399 237854 237854
5390 2653253 2415399 237854 237854
5400 2653253 2415399 237854 237854
5410 2653253 2415399 237854 237854
5420 2653253 2415399 237854 237854
5430 2653253 2415399 237854 237854
5440 2653253 2415399 237854 237854
5450 2653253 2415399 237854 237854
5460 2653253 2415399 237854 237854
5470 2653253 2415399 237854 237854
5480 2653253 2415399 237854 237854
5490 2653253 2415399 237854 237854
5500 2653253 2415399 237854 237854
5510 2653253 2415399 237854 237854
5520 2653253 2415399 237854 237854
5530 2653253 2415399 237854 237854
5540 2653253 2415399 237854 237854
5550 2653253 2415399 237854 237854
5560 2653253 2415399 237854 237854
5570 2653253 2415399 237854 237854
5580 2653253 2415399 237854 237854
5590 2653253 2415399 237854 237854
5600 2653253 2415399 237854 237854
5610 2653253 2415399 237854 237854
5620 2653253 2415399 237854 237854
5630 2653253 2415399 237854 237854
5640 2653253 2415399 237854 237854
5650 2653253 2415399 237854 237854
5660 2653253 2415399 237854 237854
5670 2653253 2415399 237854 237854
5680 2653253 2415399 237854 237854
5690 2653253 2415399 237854 237854
5700 2653253 2415399 237854 237854
5710 2653253 2415399 237854 237854
5720 2653253 2415399 237854 237854
5730 2653253 2415399 237854 237854
5740 2653253 2415399 237854 237854
5750 2653253 2415399 237854 237854
5760 2653253 2415399 237854 237854
5770 2653253 2415399 237854 237854
5780 2653253 2415399 237854 237854
5790 2653253 2415399 237854 237854
5800 2653253 2415399 237854 237854
5810 2653253 2415399 237854 237854
5820 2653253 2415399 237854 237854
5830 2653253 2415399 237854 237854
5840 2653253 2415399 237854 237854
5850 2653253 2415399 237854 237854
5860 2653253 2415399 237854 237854
5870 2653253 2415399 237854 237854
5880 2653253 2415399 237854 237854
5890 2653253 2415399 237854 237854
5900 2653253 2415399 237854 237854
5910 2653253 2415399 237854 237854
5920 2653253 2415399 237854 237854
5930 2653253 2415399 237854 237854
5940 2653253 2415399 237854 237854
5950 2653253 2415399 237854 237854
5960 2653253 2415399 237854 237854
5970 2653253 2415399 237854 237854
5980 2653253 2415399 237854 237854
5990 2653253 2415399 237854 237854
6000 2653253 2415399 237854 237854
6010 2653253 2415399 237854 237854
6020 2653253 2415399 237854 237854
6030 2653253 2415399 237854 237854
6040 2653253 2415399 237854 237854
6050 2653253 2415399 237854 237854
6060 2653253 2415399 237854 237854
6070 2653253 2415399 237854 237854
6080 2653253 2415399 237854 237854
6090 2653253 2415399 237854 237854
6100 2653253 2415399 237854 237854
6110 2653253 2415399 237854 237854
6120 2653253 2415399 237854 237854
6130 2653253 2415399 237854 237854
6140 2653253 2415399 237854 237854
6150 2653253 2415399 237854 237854
6160 2653253 2415399 237854 237854
6170 2653253 2415399 237854 237854
6180 2653253 2415399 237854 237854
6190 2653253 2415399 237854 237854
6200 2653253 2415399 237854 237854
6210 2653253 2415399 237854 237854
6220 2653253 2415399 237854 237854
6230 2653253 2415399 237854 237854
6240 2653253 2415399 237854 237854
6250 2653253 2415399 237854 237854
6260 2653253 2415399 237854 237854
6270 2653253 2415399 237854 237854
6280 2653253 2415399 237854 237854
6290 2653253 2415399 237854 237854
6300 2653253 2415399 237854 237854
6310 2653253 2415399 237854 237854
6320 2653253 2415399 237854 237854
6330 2653253 2415399 237854 237854
6340 2653253 2415399 237854 237854
6350 2653253 2415399 237854 237854
6360 2653253 2415399 237854 237854
6370 2653253 2415399 237854 237854
6380 2653253 2415399 237854 237854
6390 2653253 2415399 237854 237854
6400 2653253 2415399 237854 237854
6410 2653253 2415399 237854 237854
6420 2653253 2415399 237854 237854
6430 2653253 2415399 237854 237854
6440 2653253 2415399 237854 237854
6450 2653253 2415399 237854 237854
6460 2653253 2415399 237854 237854
6470 2653253 2415399 237854 237854
6480 2653253 2415399 237854 237854
6490 2653253 2415399 237854 237854
6500 2653253 2415399 237854 237854
6510 2653253 2415399 237854 237854
6520 2653253 2415399 237854 237854
6530 2653253 2415399 237854 237854
6540 2653253 2415399 237854 237854
6550 2653253 2415399 237854 237854
6560 2653253 2415399 237854 237854
6570 2653253 2415399 237854 237854
6580 2653253 2415399 237854 237854
6590 2653253 2415399 237854 237854
6600 2653253 2415399 237854 237854
6610 2653253 2415399 237854 237854
6620 2653253 2415399 237854 237854
6630 2653253 2415399 237854 237854
6640 2653253 2415399 237854 237854
6650 2653253 2415399 237854 237854
6660 2653253 2415399 237854 237854
6670 2653253 2415399 237854 237854
6680 2653253 2415399 237854 237854
6690 2653253 2415399 237854 237854
6700 2653253 2415399 237854 237854
6710 2653253 2415399 237854 237854
6720 2653253 2415399 237854 237854
6730 2653253 2415399 237854 237854
6740 2653253 2415399 237854 237854
6750 2653253 2415399 237854 237854
6760 2653253 2415399 237854 237854
6770 2653253 2415399 237854 237854
6780 2653253 2415399 237854 237854
6790 2653253 2415399 237854 237854
6800 2653253 2415399 237854 237854

