Optimal path [nodeId(time to the node):
36(0) -> 29(127) -> 28(130) -> 17(127) -> 19(145) -> 35(132) -> 32(114) -> 34(112) -> 16(140) -> 48(122) -> 12(142) -> 1(136) -> 33(139) -> 21(136) -> 43(122) -> 49(130) -> 27(128) -> 44(134) -> 6(127) -> 22(133) -> 46(131) -> 3(124) -> 10(133) -> 2(128) -> 26(140) -> 5(124) -> 31(119) -> 40(128) -> 9(135) -> 0(113) -> 42(133) -> 11(115) -> 41(121) -> 39(122) -> 7(131) -> 8(122) -> 25(123) -> 47(124) -> 24(142) -> 45(125) -> 14(138) -> 4(108) -> 20(131) -> 30(126) -> 38(125) -> 15(141) -> 13(151) -> 18(144) -> 37(151) -> 23(151)
Total time of delivery: 6375
The cost function value: 6375

Statistics at the end of simulation: 
Residents: 2653253
Illness cases: 2248470 --> [84.74389739689356%]
Healthy residents: 404783 --> [15.25610260310645%]
Vaccinated residents404783 --> [15.25610260310645%]

Statistics of each node: 
id residentsNumber illnessCases healthyResidents vaccinated
36 51676 1 51675 51675
29 86455 4 86451 86451
28 85687 19 85668 85668
17 46965 84 46881 46881
19 30140 450 29690 29690
35 65482 2071 63411 63411
32 32778 7732 25046 25046
34 44159 28198 15961 15961
16 96804 96804 0 0
48 41563 41563 0 0
12 38389 38389 0 0
1 49826 49826 0 0
33 44211 44211 0 0
21 80840 80840 0 0
43 26088 26088 0 0
49 63359 63359 0 0
27 25692 25692 0 0
44 22955 22955 0 0
6 90185 90185 0 0
22 91889 91889 0 0
46 58433 58433 0 0
3 16050 16050 0 0
10 27278 27278 0 0
2 59636 59636 0 0
26 17928 17928 0 0
5 90210 90210 0 0
31 26553 26553 0 0
40 37916 37916 0 0
9 90298 90298 0 0
0 63772 63772 0 0
42 22928 22928 0 0
11 36243 36243 0 0
41 66159 66159 0 0
39 79510 79510 0 0
7 52412 52412 0 0
8 59097 59097 0 0
25 87768 87768 0 0
47 70879 70879 0 0
24 61926 61926 0 0
45 86355 86355 0 0
14 33326 33326 0 0
4 34099 34099 0 0
20 71926 71926 0 0
30 12230 12230 0 0
38 89747 89747 0 0
15 65892 65892 0 0
13 57370 57370 0 0
18 34212 34212 0 0
37 13995 13995 0 0
23 13962 13962 0 0

Statistics step by step: 
minute residentsNumber illnessCases healthyResidents vaccinated
0 2653253 50 2653203 51675
10 2653253 50 2653203 51675
20 2653253 50 2653203 51675
30 2653253 50 2653203 51675
40 2653253 50 2653203 51675
50 2653253 50 2653203 51675
60 2653253 99 2653154 51675
70 2653253 99 2653154 51675
80 2653253 99 2653154 51675
90 2653253 99 2653154 51675
100 2653253 148 2653105 51675
110 2653253 148 2653105 51675
120 2653253 197 2653056 51675
130 2653253 197 2653056 138126
140 2653253 245 2653008 138126
150 2653253 245 2653008 138126
160 2653253 293 2652960 138126
170 2653253 341 2652912 138126
180 2653253 389 2652864 138126
190 2653253 389 2652864 138126
200 2653253 485 2652768 138126
210 2653253 533 2652720 138126
220 2653253 581 2652672 138126
230 2653253 677 2652576 138126
240 2653253 773 2652480 138126
250 2653253 821 2652432 138126
260 2653253 964 2652289 223794
270 2653253 1058 2652195 223794
280 2653253 1199 2652054 223794
290 2653253 1340 2651913 223794
300 2653253 1528 2651725 223794
310 2653253 1669 2651584 223794
320 2653253 1904 2651349 223794
330 2653253 2139 2651114 223794
340 2653253 2374 2650879 223794
350 2653253 2703 2650550 223794
360 2653253 3032 2650221 223794
370 2653253 3361 2649892 223794
380 2653253 3784 2649469 223794
390 2653253 4248 2649005 270675
400 2653253 4754 2648499 270675
410 2653253 5352 2647901 270675
420 2653253 5996 2647257 270675
430 2653253 6686 2646567 270675
440 2653253 7514 2645739 270675
450 2653253 8434 2644819 270675
460 2653253 9446 2643807 270675
470 2653253 10596 2642657 270675
480 2653253 11884 2641369 270675
490 2653253 13310 2639943 270675
500 2653253 14920 2638333 270675
510 2653253 16760 2636493 270675
520 2653253 18784 2634469 270675
530 2653253 21078 2632175 300365
540 2653253 23598 2629655 300365
550 2653253 26388 2626865 300365
560 2653253 29583 2623670 300365
570 2653253 33138 2620115 300365
580 2653253 37098 2616155 300365
590 2653253 41598 2611655 300365
600 2653253 46638 2606615 300365
610 2653253 52263 2600990 300365
620 2653253 58608 2594645 300365
630 2653253 65718 2587535 300365
640 2653253 73683 2579570 300365
650 2653253 82638 2570615 300365
660 2653253 92718 2560535 300365
670 2653253 103741 2549512 363776
680 2653253 116149 2537104 363776
690 2653253 130053 2523200 363776
700 2653253 145629 2507624 363776
710 2653253 163185 2490068 363776
720 2653253 182853 2470400 363776
730 2653253 204897 2448356 363776
740 2653253 229669 2423584 363776
750 2653253 257477 2395776 363776
760 2653253 288673 2364580 363776
770 2653253 323741 2329512 363776
780 2653253 362617 2290636 388822
790 2653253 405746 2247507 388822
800 2653253 454164 2199089 388822
810 2653253 508516 2144737 388822
820 2653253 568717 2084536 388822
830 2653253 634388 2018865 388822
840 2653253 705574 1947679 388822
850 2653253 783346 1869907 388822
860 2653253 868922 1784331 388822
870 2653253 964529 1688724 388822
880 2653253 1066346 1586907 388822
890 2653253 1169170 1484083 404783
900 2653253 1280026 1373227 404783
910 2653253 1395158 1258095 404783
920 2653253 1510528 1142725 404783
930 2653253 1629997 1023256 404783
940 2653253 1758333 894920 404783
950 2653253 1891485 761768 404783
960 2653253 2007512 645741 404783
970 2653253 2100474 552779 404783
980 2653253 2185774 467479 404783
990 2653253 2244347 408906 404783
1000 2653253 2248470 404783 404783
1010 2653253 2248470 404783 404783
1020 2653253 2248470 404783 404783
1030 2653253 2248470 404783 404783
1040 2653253 2248470 404783 404783
1050 2653253 2248470 404783 404783
1060 2653253 2248470 404783 404783
1070 2653253 2248470 404783 404783
1080 2653253 2248470 404783 404783
1090 2653253 2248470 404783 404783
1100 2653253 2248470 404783 404783
1110 2653253 2248470 404783 404783
1120 2653253 2248470 404783 404783
1130 2653253 2248470 404783 404783
1140 2653253 2248470 404783 404783
1150 2653253 2248470 404783 404783
1160 2653253 2248470 404783 404783
1170 2653253 2248470 404783 404783
1180 2653253 2248470 404783 404783
1190 2653253 2248470 404783 404783
1200 2653253 2248470 404783 404783
1210 2653253 2248470 404783 404783
1220 2653253 2248470 404783 404783
1230 2653253 2248470 404783 404783
1240 2653253 2248470 404783 404783
1250 2653253 2248470 404783 404783
1260 2653253 2248470 404783 404783
1270 2653253 2248470 404783 404783
1280 2653253 2248470 404783 404783
1290 2653253 2248470 404783 404783
1300 2653253 2248470 404783 404783
1310 2653253 2248470 404783 404783
1320 2653253 2248470 404783 404783
1330 2653253 2248470 404783 404783
1340 2653253 2248470 404783 404783
1350 2653253 2248470 404783 404783
1360 2653253 2248470 404783 404783
1370 2653253 2248470 404783 404783
1380 2653253 2248470 404783 404783
1390 2653253 2248470 404783 404783
1400 2653253 2248470 404783 404783
1410 2653253 2248470 404783 404783
1420 2653253 2248470 404783 404783
1430 2653253 2248470 404783 404783
1440 2653253 2248470 404783 404783
1450 2653253 2248470 404783 404783
1460 2653253 2248470 404783 404783
1470 2653253 2248470 404783 404783
1480 2653253 2248470 404783 404783
1490 2653253 2248470 404783 404783
1500 2653253 2248470 404783 404783
1510 2653253 2248470 404783 404783
1520 2653253 2248470 404783 404783
1530 2653253 2248470 404783 404783
1540 2653253 2248470 404783 404783
1550 2653253 2248470 404783 404783
1560 2653253 2248470 404783 404783
1570 2653253 2248470 404783 404783
1580 2653253 2248470 404783 404783
1590 2653253 2248470 404783 404783
1600 2653253 2248470 404783 404783
1610 2653253 2248470 404783 404783
1620 2653253 2248470 404783 404783
1630 2653253 2248470 404783 404783
1640 2653253 2248470 404783 404783
1650 2653253 2248470 404783 404783
1660 2653253 2248470 404783 404783
1670 2653253 2248470 404783 404783
1680 2653253 2248470 404783 404783
1690 2653253 2248470 404783 404783
1700 2653253 2248470 404783 404783
1710 2653253 2248470 404783 404783
1720 2653253 2248470 404783 404783
1730 2653253 2248470 404783 404783
1740 2653253 2248470 404783 404783
1750 2653253 2248470 404783 404783
1760 2653253 2248470 404783 404783
1770 2653253 2248470 404783 404783
1780 2653253 2248470 404783 404783
1790 2653253 2248470 404783 404783
1800 2653253 2248470 404783 404783
1810 2653253 2248470 404783 404783
1820 2653253 2248470 404783 404783
1830 2653253 2248470 404783 404783
1840 2653253 2248470 404783 404783
1850 2653253 2248470 404783 404783
1860 2653253 2248470 404783 404783
1870 2653253 2248470 404783 404783
1880 2653253 2248470 404783 404783
1890 2653253 2248470 404783 404783
1900 2653253 2248470 404783 404783
1910 2653253 2248470 404783 404783
1920 2653253 2248470 404783 404783
1930 2653253 2248470 404783 404783
1940 2653253 2248470 404783 404783
1950 2653253 2248470 404783 404783
1960 2653253 2248470 404783 404783
1970 2653253 2248470 404783 404783
1980 2653253 2248470 404783 404783
1990 2653253 2248470 404783 404783
2000 2653253 2248470 404783 404783
2010 2653253 2248470 404783 404783
2020 2653253 2248470 404783 404783
2030 2653253 2248470 404783 404783
2040 2653253 2248470 404783 404783
2050 2653253 2248470 404783 404783
2060 2653253 2248470 404783 404783
2070 2653253 2248470 404783 404783
2080 2653253 2248470 404783 404783
2090 2653253 2248470 404783 404783
2100 2653253 2248470 404783 404783
2110 2653253 2248470 404783 404783
2120 2653253 2248470 404783 404783
2130 2653253 2248470 404783 404783
2140 2653253 2248470 404783 404783
2150 2653253 2248470 404783 404783
2160 2653253 2248470 404783 404783
2170 2653253 2248470 404783 404783
2180 2653253 2248470 404783 404783
2190 2653253 2248470 404783 404783
2200 2653253 2248470 404783 404783
2210 2653253 2248470 404783 404783
2220 2653253 2248470 404783 404783
2230 2653253 2248470 404783 404783
2240 2653253 2248470 404783 404783
2250 2653253 2248470 404783 404783
2260 2653253 2248470 404783 404783
2270 2653253 2248470 404783 404783
2280 2653253 2248470 404783 404783
2290 2653253 2248470 404783 404783
2300 2653253 2248470 404783 404783
2310 2653253 2248470 404783 404783
2320 2653253 2248470 404783 404783
2330 2653253 2248470 404783 404783
2340 2653253 2248470 404783 404783
2350 2653253 2248470 404783 404783
2360 2653253 2248470 404783 404783
2370 2653253 2248470 404783 404783
2380 2653253 2248470 404783 404783
2390 2653253 2248470 404783 404783
2400 2653253 2248470 404783 404783
2410 2653253 2248470 404783 404783
2420 2653253 2248470 404783 404783
2430 2653253 2248470 404783 404783
2440 2653253 2248470 404783 404783
2450 2653253 2248470 404783 404783
2460 2653253 2248470 404783 404783
2470 2653253 2248470 404783 404783
2480 2653253 2248470 404783 404783
2490 2653253 2248470 404783 404783
2500 2653253 2248470 404783 404783
2510 2653253 2248470 404783 404783
2520 2653253 2248470 404783 404783
2530 2653253 2248470 404783 404783
2540 2653253 2248470 404783 404783
2550 2653253 2248470 404783 404783
2560 2653253 2248470 404783 404783
2570 2653253 2248470 404783 404783
2580 2653253 2248470 404783 404783
2590 2653253 2248470 404783 404783
2600 2653253 2248470 404783 404783
2610 2653253 2248470 404783 404783
2620 2653253 2248470 404783 404783
2630 2653253 2248470 404783 404783
2640 2653253 2248470 404783 404783
2650 2653253 2248470 404783 404783
2660 2653253 2248470 404783 404783
2670 2653253 2248470 404783 404783
2680 2653253 2248470 404783 404783
2690 2653253 2248470 404783 404783
2700 2653253 2248470 404783 404783
2710 2653253 2248470 404783 404783
2720 2653253 2248470 404783 404783
2730 2653253 2248470 404783 404783
2740 2653253 2248470 404783 404783
2750 2653253 2248470 404783 404783
2760 2653253 2248470 404783 404783
2770 2653253 2248470 404783 404783
2780 2653253 2248470 404783 404783
2790 2653253 2248470 404783 404783
2800 2653253 2248470 404783 404783
2810 2653253 2248470 404783 404783
2820 2653253 2248470 404783 404783
2830 2653253 2248470 404783 404783
2840 2653253 2248470 404783 404783
2850 2653253 2248470 404783 404783
2860 2653253 2248470 404783 404783
2870 2653253 2248470 404783 404783
2880 2653253 2248470 404783 404783
2890 2653253 2248470 404783 404783
2900 2653253 2248470 404783 404783
2910 2653253 2248470 404783 404783
2920 2653253 2248470 404783 404783
2930 2653253 2248470 404783 404783
2940 2653253 2248470 404783 404783
2950 2653253 2248470 404783 404783
2960 2653253 2248470 404783 404783
2970 2653253 2248470 404783 404783
2980 2653253 2248470 404783 404783
2990 2653253 2248470 404783 404783
3000 2653253 2248470 404783 404783
3010 2653253 2248470 404783 404783
3020 2653253 2248470 404783 404783
3030 2653253 2248470 404783 404783
3040 2653253 2248470 404783 404783
3050 2653253 2248470 404783 404783
3060 2653253 2248470 404783 404783
3070 2653253 2248470 404783 404783
3080 2653253 2248470 404783 404783
3090 2653253 2248470 404783 404783
3100 2653253 2248470 404783 404783
3110 2653253 2248470 404783 404783
3120 2653253 2248470 404783 404783
3130 2653253 2248470 404783 404783
3140 2653253 2248470 404783 404783
3150 2653253 2248470 404783 404783
3160 2653253 2248470 404783 404783
3170 2653253 2248470 404783 404783
3180 2653253 2248470 404783 404783
3190 2653253 2248470 404783 404783
3200 2653253 2248470 404783 404783
3210 2653253 2248470 404783 404783
3220 2653253 2248470 404783 404783
3230 2653253 2248470 404783 404783
3240 2653253 2248470 404783 404783
3250 2653253 2248470 404783 404783
3260 2653253 2248470 404783 404783
3270 2653253 2248470 404783 404783
3280 2653253 2248470 404783 404783
3290 2653253 2248470 404783 404783
3300 2653253 2248470 404783 404783
3310 2653253 2248470 404783 404783
3320 2653253 2248470 404783 404783
3330 2653253 2248470 404783 404783
3340 2653253 2248470 404783 404783
3350 2653253 2248470 404783 404783
3360 2653253 2248470 404783 404783
3370 2653253 2248470 404783 404783
3380 2653253 2248470 404783 404783
3390 2653253 2248470 404783 404783
3400 2653253 2248470 404783 404783
3410 2653253 2248470 404783 404783
3420 2653253 2248470 404783 404783
3430 2653253 2248470 404783 404783
3440 2653253 2248470 404783 404783
3450 2653253 2248470 404783 404783
3460 2653253 2248470 404783 404783
3470 2653253 2248470 404783 404783
3480 2653253 2248470 404783 404783
3490 2653253 2248470 404783 404783
3500 2653253 2248470 404783 404783
3510 2653253 2248470 404783 404783
3520 2653253 2248470 404783 404783
3530 2653253 2248470 404783 404783
3540 2653253 2248470 404783 404783
3550 2653253 2248470 404783 404783
3560 2653253 2248470 404783 404783
3570 2653253 2248470 404783 404783
3580 2653253 2248470 404783 404783
3590 2653253 2248470 404783 404783
3600 2653253 2248470 404783 404783
3610 2653253 2248470 404783 404783
3620 2653253 2248470 404783 404783
3630 2653253 2248470 404783 404783
3640 2653253 2248470 404783 404783
3650 2653253 2248470 404783 404783
3660 2653253 2248470 404783 404783
3670 2653253 2248470 404783 404783
3680 2653253 2248470 404783 404783
3690 2653253 2248470 404783 404783
3700 2653253 2248470 404783 404783
3710 2653253 2248470 404783 404783
3720 2653253 2248470 404783 404783
3730 2653253 2248470 404783 404783
3740 2653253 2248470 404783 404783
3750 2653253 2248470 404783 404783
3760 2653253 2248470 404783 404783
3770 2653253 2248470 404783 404783
3780 2653253 2248470 404783 404783
3790 2653253 2248470 404783 404783
3800 2653253 2248470 404783 404783
3810 2653253 2248470 404783 404783
3820 2653253 2248470 404783 404783
3830 2653253 2248470 404783 404783
3840 2653253 2248470 404783 404783
3850 2653253 2248470 404783 404783
3860 2653253 2248470 404783 404783
3870 2653253 2248470 404783 404783
3880 2653253 2248470 404783 404783
3890 2653253 2248470 404783 404783
3900 2653253 2248470 404783 404783
3910 2653253 2248470 404783 404783
3920 2653253 2248470 404783 404783
3930 2653253 2248470 404783 404783
3940 2653253 2248470 404783 404783
3950 2653253 2248470 404783 404783
3960 2653253 2248470 404783 404783
3970 2653253 2248470 404783 404783
3980 2653253 2248470 404783 404783
3990 2653253 2248470 404783 404783
4000 2653253 2248470 404783 404783
4010 2653253 2248470 404783 404783
4020 2653253 2248470 404783 404783
4030 2653253 2248470 404783 404783
4040 2653253 2248470 404783 404783
4050 2653253 2248470 404783 404783
4060 2653253 2248470 404783 404783
4070 2653253 2248470 404783 404783
4080 2653253 2248470 404783 404783
4090 2653253 2248470 404783 404783
4100 2653253 2248470 404783 404783
4110 2653253 2248470 404783 404783
4120 2653253 2248470 404783 404783
4130 2653253 2248470 404783 404783
4140 2653253 2248470 404783 404783
4150 2653253 2248470 404783 404783
4160 2653253 2248470 404783 404783
4170 2653253 2248470 404783 404783
4180 2653253 2248470 404783 404783
4190 2653253 2248470 404783 404783
4200 2653253 2248470 404783 404783
4210 2653253 2248470 404783 404783
4220 2653253 2248470 404783 404783
4230 2653253 2248470 404783 404783
4240 2653253 2248470 404783 404783
4250 2653253 2248470 404783 404783
4260 2653253 2248470 404783 404783
4270 2653253 2248470 404783 404783
4280 2653253 2248470 404783 404783
4290 2653253 2248470 404783 404783
4300 2653253 2248470 404783 404783
4310 2653253 2248470 404783 404783
4320 2653253 2248470 404783 404783
4330 2653253 2248470 404783 404783
4340 2653253 2248470 404783 404783
4350 2653253 2248470 404783 404783
4360 2653253 2248470 404783 404783
4370 2653253 2248470 404783 404783
4380 2653253 2248470 404783 404783
4390 2653253 2248470 404783 404783
4400 2653253 2248470 404783 404783
4410 2653253 2248470 404783 404783
4420 2653253 2248470 404783 404783
4430 2653253 2248470 404783 404783
4440 2653253 2248470 404783 404783
4450 2653253 2248470 404783 404783
4460 2653253 2248470 404783 404783
4470 2653253 2248470 404783 404783
4480 2653253 2248470 404783 404783
4490 2653253 2248470 404783 404783
4500 2653253 2248470 404783 404783
4510 2653253 2248470 404783 404783
4520 2653253 2248470 404783 404783
4530 2653253 2248470 404783 404783
4540 2653253 2248470 404783 404783
4550 2653253 2248470 404783 404783
4560 2653253 2248470 404783 404783
4570 2653253 2248470 404783 404783
4580 2653253 2248470 404783 404783
4590 2653253 2248470 404783 404783
4600 2653253 2248470 404783 404783
4610 2653253 2248470 404783 404783
4620 2653253 2248470 404783 404783
4630 2653253 2248470 404783 404783
4640 2653253 2248470 404783 404783
4650 2653253 2248470 404783 404783
4660 2653253 2248470 404783 404783
4670 2653253 2248470 404783 404783
4680 2653253 2248470 404783 404783
4690 2653253 2248470 404783 404783
4700 2653253 2248470 404783 404783
4710 2653253 2248470 404783 404783
4720 2653253 2248470 404783 404783
4730 2653253 2248470 404783 404783
4740 2653253 2248470 404783 404783
4750 2653253 2248470 404783 404783
4760 2653253 2248470 404783 404783
4770 2653253 2248470 404783 404783
4780 2653253 2248470 404783 404783
4790 2653253 2248470 404783 404783
4800 2653253 2248470 404783 404783
4810 2653253 2248470 404783 404783
4820 2653253 2248470 404783 404783
4830 2653253 2248470 404783 404783
4840 2653253 2248470 404783 404783
4850 2653253 2248470 404783 404783
4860 2653253 2248470 404783 404783
4870 2653253 2248470 404783 404783
4880 2653253 2248470 404783 404783
4890 2653253 2248470 404783 404783
4900 2653253 2248470 404783 404783
4910 2653253 2248470 404783 404783
4920 2653253 2248470 404783 404783
4930 2653253 2248470 404783 404783
4940 2653253 2248470 404783 404783
4950 2653253 2248470 404783 404783
4960 2653253 2248470 404783 404783
4970 2653253 2248470 404783 404783
4980 2653253 2248470 404783 404783
4990 2653253 2248470 404783 404783
5000 2653253 2248470 404783 404783
5010 2653253 2248470 404783 404783
5020 2653253 2248470 404783 404783
5030 2653253 2248470 404783 404783
5040 2653253 2248470 404783 404783
5050 2653253 2248470 404783 404783
5060 2653253 2248470 404783 404783
5070 2653253 2248470 404783 404783
5080 2653253 2248470 404783 404783
5090 2653253 2248470 404783 404783
5100 2653253 2248470 404783 404783
5110 2653253 2248470 404783 404783
5120 2653253 2248470 404783 404783
5130 2653253 2248470 404783 404783
5140 2653253 2248470 404783 404783
5150 2653253 2248470 404783 404783
5160 2653253 2248470 404783 404783
5170 2653253 2248470 404783 404783
5180 2653253 2248470 404783 404783
5190 2653253 2248470 404783 404783
5200 2653253 2248470 404783 404783
5210 2653253 2248470 404783 404783
5220 2653253 2248470 404783 404783
5230 2653253 2248470 404783 404783
5240 2653253 2248470 404783 404783
5250 2653253 2248470 404783 404783
5260 2653253 2248470 404783 404783
5270 2653253 2248470 404783 404783
5280 2653253 2248470 404783 404783
5290 2653253 2248470 404783 404783
5300 2653253 2248470 404783 404783
5310 2653253 2248470 404783 404783
5320 2653253 2248470 404783 404783
5330 2653253 2248470 404783 404783
5340 2653253 2248470 404783 404783
5350 2653253 2248470 404783 404783
5360 2653253 2248470 404783 404783
5370 2653253 2248470 404783 404783
5380 2653253 2248470 404783 404783
5390 2653253 2248470 404783 404783
5400 2653253 2248470 404783 404783
5410 2653253 2248470 404783 404783
5420 2653253 2248470 404783 404783
5430 2653253 2248470 404783 404783
5440 2653253 2248470 404783 404783
5450 2653253 2248470 404783 404783
5460 2653253 2248470 404783 404783
5470 2653253 2248470 404783 404783
5480 2653253 2248470 404783 404783
5490 2653253 2248470 404783 404783
5500 2653253 2248470 404783 404783
5510 2653253 2248470 404783 404783
5520 2653253 2248470 404783 404783
5530 2653253 2248470 404783 404783
5540 2653253 2248470 404783 404783
5550 2653253 2248470 404783 404783
5560 2653253 2248470 404783 404783
5570 2653253 2248470 404783 404783
5580 2653253 2248470 404783 404783
5590 2653253 2248470 404783 404783
5600 2653253 2248470 404783 404783
5610 2653253 2248470 404783 404783
5620 2653253 2248470 404783 404783
5630 2653253 2248470 404783 404783
5640 2653253 2248470 404783 404783
5650 2653253 2248470 404783 404783
5660 2653253 2248470 404783 404783
5670 2653253 2248470 404783 404783
5680 2653253 2248470 404783 404783
5690 2653253 2248470 404783 404783
5700 2653253 2248470 404783 404783
5710 2653253 2248470 404783 404783
5720 2653253 2248470 404783 404783
5730 2653253 2248470 404783 404783
5740 2653253 2248470 404783 404783
5750 2653253 2248470 404783 404783
5760 2653253 2248470 404783 404783
5770 2653253 2248470 404783 404783
5780 2653253 2248470 404783 404783
5790 2653253 2248470 404783 404783
5800 2653253 2248470 404783 404783
5810 2653253 2248470 404783 404783
5820 2653253 2248470 404783 404783
5830 2653253 2248470 404783 404783
5840 2653253 2248470 404783 404783
5850 2653253 2248470 404783 404783
5860 2653253 2248470 404783 404783
5870 2653253 2248470 404783 404783
5880 2653253 2248470 404783 404783
5890 2653253 2248470 404783 404783
5900 2653253 2248470 404783 404783
5910 2653253 2248470 404783 404783
5920 2653253 2248470 404783 404783
5930 2653253 2248470 404783 404783
5940 2653253 2248470 404783 404783
5950 2653253 2248470 404783 404783
5960 2653253 2248470 404783 404783
5970 2653253 2248470 404783 404783
5980 2653253 2248470 404783 404783
5990 2653253 2248470 404783 404783
6000 2653253 2248470 404783 404783
6010 2653253 2248470 404783 404783
6020 2653253 2248470 404783 404783
6030 2653253 2248470 404783 404783
6040 2653253 2248470 404783 404783
6050 2653253 2248470 404783 404783
6060 2653253 2248470 404783 404783
6070 2653253 2248470 404783 404783
6080 2653253 2248470 404783 404783
6090 2653253 2248470 404783 404783
6100 2653253 2248470 404783 404783
6110 2653253 2248470 404783 404783
6120 2653253 2248470 404783 404783
6130 2653253 2248470 404783 404783
6140 2653253 2248470 404783 404783
6150 2653253 2248470 404783 404783
6160 2653253 2248470 404783 404783
6170 2653253 2248470 404783 404783
6180 2653253 2248470 404783 404783
6190 2653253 2248470 404783 404783
6200 2653253 2248470 404783 404783
6210 2653253 2248470 404783 404783
6220 2653253 2248470 404783 404783
6230 2653253 2248470 404783 404783
6240 2653253 2248470 404783 404783
6250 2653253 2248470 404783 404783
6260 2653253 2248470 404783 404783
6270 2653253 2248470 404783 404783
6280 2653253 2248470 404783 404783
6290 2653253 2248470 404783 404783
6300 2653253 2248470 404783 404783
6310 2653253 2248470 404783 404783
6320 2653253 2248470 404783 404783
6330 2653253 2248470 404783 404783
6340 2653253 2248470 404783 404783
6350 2653253 2248470 404783 404783
6360 2653253 2248470 404783 404783
6370 2653253 2248470 404783 404783

