Optimal path [nodeId(time to the node):
36(0) -> 22(128) -> 16(111) -> 38(128) -> 34(133) -> 21(123) -> 29(154) -> 19(127) -> 31(161) -> 39(153) -> 49(138) -> 24(150) -> 47(127) -> 0(136) -> 4(170) -> 12(136) -> 44(150) -> 20(149) -> 33(165) -> 13(145) -> 5(169) -> 10(157) -> 9(140) -> 32(129) -> 45(131) -> 46(146) -> 17(141) -> 37(133) -> 15(140) -> 48(146) -> 30(148) -> 23(153) -> 8(141) -> 7(136) -> 25(133) -> 40(154) -> 41(160) -> 42(133) -> 14(140) -> 6(149) -> 28(142) -> 3(129) -> 1(134) -> 26(140) -> 18(145) -> 43(117) -> 27(136) -> 2(122) -> 35(156) -> 11(140)
Total time of delivery: 6924
The cost function value: 2381942

Statistics at the end of simulation: 
Residents: 2653253
Illness cases: 2381943 --> [89.77443915073307%]
Healthy residents: 271310 --> [10.225560849266918%]
Vaccinated residents271310 --> [10.225560849266918%]

Statistics of each node: 
id residentsNumber illnessCases healthyResidents vaccinated
36 51676 1 51675 51675
22 91889 45 91844 91844
16 96804 1257 95547 95547
38 89747 57503 32244 32244
34 44159 44159 0 0
21 80840 80840 0 0
29 86455 86455 0 0
19 30140 30140 0 0
31 26553 26553 0 0
39 79510 79510 0 0
49 63359 63359 0 0
24 61926 61926 0 0
47 70879 70879 0 0
0 63772 63772 0 0
4 34099 34099 0 0
12 38389 38389 0 0
44 22955 22955 0 0
20 71926 71926 0 0
33 44211 44211 0 0
13 57370 57370 0 0
5 90210 90210 0 0
10 27278 27278 0 0
9 90298 90298 0 0
32 32778 32778 0 0
45 86355 86355 0 0
46 58433 58433 0 0
17 46965 46965 0 0
37 13995 13995 0 0
15 65892 65892 0 0
48 41563 41563 0 0
30 12230 12230 0 0
23 13962 13962 0 0
8 59097 59097 0 0
7 52412 52412 0 0
25 87768 87768 0 0
40 37916 37916 0 0
41 66159 66159 0 0
42 22928 22928 0 0
14 33326 33326 0 0
6 90185 90185 0 0
28 85687 85687 0 0
3 16050 16050 0 0
1 49826 49826 0 0
26 17928 17928 0 0
18 34212 34212 0 0
43 26088 26088 0 0
27 25692 25692 0 0
2 59636 59636 0 0
35 65482 65482 0 0
11 36243 36243 0 0

Statistics step by step: 
minute residentsNumber illnessCases healthyResidents vaccinated
0 2653253 50 2653203 51675
10 2653253 50 2653203 51675
20 2653253 50 2653203 51675
30 2653253 99 2653154 51675
40 2653253 148 2653105 51675
50 2653253 197 2653056 51675
60 2653253 295 2652958 51675
70 2653253 393 2652860 51675
80 2653253 491 2652762 51675
90 2653253 687 2652566 51675
100 2653253 932 2652321 51675
110 2653253 1275 2651978 51675
120 2653253 1765 2651488 51675
130 2653253 2350 2650903 143519
140 2653253 3166 2650087 143519
150 2653253 4270 2648983 143519
160 2653253 5710 2647543 143519
170 2653253 7726 2645527 143519
180 2653253 10414 2642839 143519
190 2653253 14014 2639239 143519
200 2653253 18862 2634391 143519
210 2653253 25438 2627815 143519
220 2653253 34270 2618983 143519
230 2653253 46174 2607079 143519
240 2653253 62215 2591038 239066
250 2653253 83412 2569841 239066
260 2653253 111941 2541312 239066
270 2653253 150481 2502772 239066
280 2653253 202416 2450837 239066
290 2653253 272399 2380854 239066
300 2653253 366775 2286478 239066
310 2653253 493957 2159296 239066
320 2653253 663166 1990087 239066
330 2653253 875442 1777811 239066
340 2653253 1148351 1504902 239066
350 2653253 1464458 1188795 239066
360 2653253 1800398 852855 239066
370 2653253 2143438 509815 271310
380 2653253 2358438 294815 271310
390 2653253 2381943 271310 271310
400 2653253 2381943 271310 271310
410 2653253 2381943 271310 271310
420 2653253 2381943 271310 271310
430 2653253 2381943 271310 271310
440 2653253 2381943 271310 271310
450 2653253 2381943 271310 271310
460 2653253 2381943 271310 271310
470 2653253 2381943 271310 271310
480 2653253 2381943 271310 271310
490 2653253 2381943 271310 271310
500 2653253 2381943 271310 271310
510 2653253 2381943 271310 271310
520 2653253 2381943 271310 271310
530 2653253 2381943 271310 271310
540 2653253 2381943 271310 271310
550 2653253 2381943 271310 271310
560 2653253 2381943 271310 271310
570 2653253 2381943 271310 271310
580 2653253 2381943 271310 271310
590 2653253 2381943 271310 271310
600 2653253 2381943 271310 271310
610 2653253 2381943 271310 271310
620 2653253 2381943 271310 271310
630 2653253 2381943 271310 271310
640 2653253 2381943 271310 271310
650 2653253 2381943 271310 271310
660 2653253 2381943 271310 271310
670 2653253 2381943 271310 271310
680 2653253 2381943 271310 271310
690 2653253 2381943 271310 271310
700 2653253 2381943 271310 271310
710 2653253 2381943 271310 271310
720 2653253 2381943 271310 271310
730 2653253 2381943 271310 271310
740 2653253 2381943 271310 271310
750 2653253 2381943 271310 271310
760 2653253 2381943 271310 271310
770 2653253 2381943 271310 271310
780 2653253 2381943 271310 271310
790 2653253 2381943 271310 271310
800 2653253 2381943 271310 271310
810 2653253 2381943 271310 271310
820 2653253 2381943 271310 271310
830 2653253 2381943 271310 271310
840 2653253 2381943 271310 271310
850 2653253 2381943 271310 271310
860 2653253 2381943 271310 271310
870 2653253 2381943 271310 271310
880 2653253 2381943 271310 271310
890 2653253 2381943 271310 271310
900 2653253 2381943 271310 271310
910 2653253 2381943 271310 271310
920 2653253 2381943 271310 271310
930 2653253 2381943 271310 271310
940 2653253 2381943 271310 271310
950 2653253 2381943 271310 271310
960 2653253 2381943 271310 271310
970 2653253 2381943 271310 271310
980 2653253 2381943 271310 271310
990 2653253 2381943 271310 271310
1000 2653253 2381943 271310 271310
1010 2653253 2381943 271310 271310
1020 2653253 2381943 271310 271310
1030 2653253 2381943 271310 271310
1040 2653253 2381943 271310 271310
1050 2653253 2381943 271310 271310
1060 2653253 2381943 271310 271310
1070 2653253 2381943 271310 271310
1080 2653253 2381943 271310 271310
1090 2653253 2381943 271310 271310
1100 2653253 2381943 271310 271310
1110 2653253 2381943 271310 271310
1120 2653253 2381943 271310 271310
1130 2653253 2381943 271310 271310
1140 2653253 2381943 271310 271310
1150 2653253 2381943 271310 271310
1160 2653253 2381943 271310 271310
1170 2653253 2381943 271310 271310
1180 2653253 2381943 271310 271310
1190 2653253 2381943 271310 271310
1200 2653253 2381943 271310 271310
1210 2653253 2381943 271310 271310
1220 2653253 2381943 271310 271310
1230 2653253 2381943 271310 271310
1240 2653253 2381943 271310 271310
1250 2653253 2381943 271310 271310
1260 2653253 2381943 271310 271310
1270 2653253 2381943 271310 271310
1280 2653253 2381943 271310 271310
1290 2653253 2381943 271310 271310
1300 2653253 2381943 271310 271310
1310 2653253 2381943 271310 271310
1320 2653253 2381943 271310 271310
1330 2653253 2381943 271310 271310
1340 2653253 2381943 271310 271310
1350 2653253 2381943 271310 271310
1360 2653253 2381943 271310 271310
1370 2653253 2381943 271310 271310
1380 2653253 2381943 271310 271310
1390 2653253 2381943 271310 271310
1400 2653253 2381943 271310 271310
1410 2653253 2381943 271310 271310
1420 2653253 2381943 271310 271310
1430 2653253 2381943 271310 271310
1440 2653253 2381943 271310 271310
1450 2653253 2381943 271310 271310
1460 2653253 2381943 271310 271310
1470 2653253 2381943 271310 271310
1480 2653253 2381943 271310 271310
1490 2653253 2381943 271310 271310
1500 2653253 2381943 271310 271310
1510 2653253 2381943 271310 271310
1520 2653253 2381943 271310 271310
1530 2653253 2381943 271310 271310
1540 2653253 2381943 271310 271310
1550 2653253 2381943 271310 271310
1560 2653253 2381943 271310 271310
1570 2653253 2381943 271310 271310
1580 2653253 2381943 271310 271310
1590 2653253 2381943 271310 271310
1600 2653253 2381943 271310 271310
1610 2653253 2381943 271310 271310
1620 2653253 2381943 271310 271310
1630 2653253 2381943 271310 271310
1640 2653253 2381943 271310 271310
1650 2653253 2381943 271310 271310
1660 2653253 2381943 271310 271310
1670 2653253 2381943 271310 271310
1680 2653253 2381943 271310 271310
1690 2653253 2381943 271310 271310
1700 2653253 2381943 271310 271310
1710 2653253 2381943 271310 271310
1720 2653253 2381943 271310 271310
1730 2653253 2381943 271310 271310
1740 2653253 2381943 271310 271310
1750 2653253 2381943 271310 271310
1760 2653253 2381943 271310 271310
1770 2653253 2381943 271310 271310
1780 2653253 2381943 271310 271310
1790 2653253 2381943 271310 271310
1800 2653253 2381943 271310 271310
1810 2653253 2381943 271310 271310
1820 2653253 2381943 271310 271310
1830 2653253 2381943 271310 271310
1840 2653253 2381943 271310 271310
1850 2653253 2381943 271310 271310
1860 2653253 2381943 271310 271310
1870 2653253 2381943 271310 271310
1880 2653253 2381943 271310 271310
1890 2653253 2381943 271310 271310
1900 2653253 2381943 271310 271310
1910 2653253 2381943 271310 271310
1920 2653253 2381943 271310 271310
1930 2653253 2381943 271310 271310
1940 2653253 2381943 271310 271310
1950 2653253 2381943 271310 271310
1960 2653253 2381943 271310 271310
1970 2653253 2381943 271310 271310
1980 2653253 2381943 271310 271310
1990 2653253 2381943 271310 271310
2000 2653253 2381943 271310 271310
2010 2653253 2381943 271310 271310
2020 2653253 2381943 271310 271310
2030 2653253 2381943 271310 271310
2040 2653253 2381943 271310 271310
2050 2653253 2381943 271310 271310
2060 2653253 2381943 271310 271310
2070 2653253 2381943 271310 271310
2080 2653253 2381943 271310 271310
2090 2653253 2381943 271310 271310
2100 2653253 2381943 271310 271310
2110 2653253 2381943 271310 271310
2120 2653253 2381943 271310 271310
2130 2653253 2381943 271310 271310
2140 2653253 2381943 271310 271310
2150 2653253 2381943 271310 271310
2160 2653253 2381943 271310 271310
2170 2653253 2381943 271310 271310
2180 2653253 2381943 271310 271310
2190 2653253 2381943 271310 271310
2200 2653253 2381943 271310 271310
2210 2653253 2381943 271310 271310
2220 2653253 2381943 271310 271310
2230 2653253 2381943 271310 271310
2240 2653253 2381943 271310 271310
2250 2653253 2381943 271310 271310
2260 2653253 2381943 271310 271310
2270 2653253 2381943 271310 271310
2280 2653253 2381943 271310 271310
2290 2653253 2381943 271310 271310
2300 2653253 2381943 271310 271310
2310 2653253 2381943 271310 271310
2320 2653253 2381943 271310 271310
2330 2653253 2381943 271310 271310
2340 2653253 2381943 271310 271310
2350 2653253 2381943 271310 271310
2360 2653253 2381943 271310 271310
2370 2653253 2381943 271310 271310
2380 2653253 2381943 271310 271310
2390 2653253 2381943 271310 271310
2400 2653253 2381943 271310 271310
2410 2653253 2381943 271310 271310
2420 2653253 2381943 271310 271310
2430 2653253 2381943 271310 271310
2440 2653253 2381943 271310 271310
2450 2653253 2381943 271310 271310
2460 2653253 2381943 271310 271310
2470 2653253 2381943 271310 271310
2480 2653253 2381943 271310 271310
2490 2653253 2381943 271310 271310
2500 2653253 2381943 271310 271310
2510 2653253 2381943 271310 271310
2520 2653253 2381943 271310 271310
2530 2653253 2381943 271310 271310
2540 2653253 2381943 271310 271310
2550 2653253 2381943 271310 271310
2560 2653253 2381943 271310 271310
2570 2653253 2381943 271310 271310
2580 2653253 2381943 271310 271310
2590 2653253 2381943 271310 271310
2600 2653253 2381943 271310 271310
2610 2653253 2381943 271310 271310
2620 2653253 2381943 271310 271310
2630 2653253 2381943 271310 271310
2640 2653253 2381943 271310 271310
2650 2653253 2381943 271310 271310
2660 2653253 2381943 271310 271310
2670 2653253 2381943 271310 271310
2680 2653253 2381943 271310 271310
2690 2653253 2381943 271310 271310
2700 2653253 2381943 271310 271310
2710 2653253 2381943 271310 271310
2720 2653253 2381943 271310 271310
2730 2653253 2381943 271310 271310
2740 2653253 2381943 271310 271310
2750 2653253 2381943 271310 271310
2760 2653253 2381943 271310 271310
2770 2653253 2381943 271310 271310
2780 2653253 2381943 271310 271310
2790 2653253 2381943 271310 271310
2800 2653253 2381943 271310 271310
2810 2653253 2381943 271310 271310
2820 2653253 2381943 271310 271310
2830 2653253 2381943 271310 271310
2840 2653253 2381943 271310 271310
2850 2653253 2381943 271310 271310
2860 2653253 2381943 271310 271310
2870 2653253 2381943 271310 271310
2880 2653253 2381943 271310 271310
2890 2653253 2381943 271310 271310
2900 2653253 2381943 271310 271310
2910 2653253 2381943 271310 271310
2920 2653253 2381943 271310 271310
2930 2653253 2381943 271310 271310
2940 2653253 2381943 271310 271310
2950 2653253 2381943 271310 271310
2960 2653253 2381943 271310 271310
2970 2653253 2381943 271310 271310
2980 2653253 2381943 271310 271310
2990 2653253 2381943 271310 271310
3000 2653253 2381943 271310 271310
3010 2653253 2381943 271310 271310
3020 2653253 2381943 271310 271310
3030 2653253 2381943 271310 271310
3040 2653253 2381943 271310 271310
3050 2653253 2381943 271310 271310
3060 2653253 2381943 271310 271310
3070 2653253 2381943 271310 271310
3080 2653253 2381943 271310 271310
3090 2653253 2381943 271310 271310
3100 2653253 2381943 271310 271310
3110 2653253 2381943 271310 271310
3120 2653253 2381943 271310 271310
3130 2653253 2381943 271310 271310
3140 2653253 2381943 271310 271310
3150 2653253 2381943 271310 271310
3160 2653253 2381943 271310 271310
3170 2653253 2381943 271310 271310
3180 2653253 2381943 271310 271310
3190 2653253 2381943 271310 271310
3200 2653253 2381943 271310 271310
3210 2653253 2381943 271310 271310
3220 2653253 2381943 271310 271310
3230 2653253 2381943 271310 271310
3240 2653253 2381943 271310 271310
3250 2653253 2381943 271310 271310
3260 2653253 2381943 271310 271310
3270 2653253 2381943 271310 271310
3280 2653253 2381943 271310 271310
3290 2653253 2381943 271310 271310
3300 2653253 2381943 271310 271310
3310 2653253 2381943 271310 271310
3320 2653253 2381943 271310 271310
3330 2653253 2381943 271310 271310
3340 2653253 2381943 271310 271310
3350 2653253 2381943 271310 271310
3360 2653253 2381943 271310 271310
3370 2653253 2381943 271310 271310
3380 2653253 2381943 271310 271310
3390 2653253 2381943 271310 271310
3400 2653253 2381943 271310 271310
3410 2653253 2381943 271310 271310
3420 2653253 2381943 271310 271310
3430 2653253 2381943 271310 271310
3440 2653253 2381943 271310 271310
3450 2653253 2381943 271310 271310
3460 2653253 2381943 271310 271310
3470 2653253 2381943 271310 271310
3480 2653253 2381943 271310 271310
3490 2653253 2381943 271310 271310
3500 2653253 2381943 271310 271310
3510 2653253 2381943 271310 271310
3520 2653253 2381943 271310 271310
3530 2653253 2381943 271310 271310
3540 2653253 2381943 271310 271310
3550 2653253 2381943 271310 271310
3560 2653253 2381943 271310 271310
3570 2653253 2381943 271310 271310
3580 2653253 2381943 271310 271310
3590 2653253 2381943 271310 271310
3600 2653253 2381943 271310 271310
3610 2653253 2381943 271310 271310
3620 2653253 2381943 271310 271310
3630 2653253 2381943 271310 271310
3640 2653253 2381943 271310 271310
3650 2653253 2381943 271310 271310
3660 2653253 2381943 271310 271310
3670 2653253 2381943 271310 271310
3680 2653253 2381943 271310 271310
3690 2653253 2381943 271310 271310
3700 2653253 2381943 271310 271310
3710 2653253 2381943 271310 271310
3720 2653253 2381943 271310 271310
3730 2653253 2381943 271310 271310
3740 2653253 2381943 271310 271310
3750 2653253 2381943 271310 271310
3760 2653253 2381943 271310 271310
3770 2653253 2381943 271310 271310
3780 2653253 2381943 271310 271310
3790 2653253 2381943 271310 271310
3800 2653253 2381943 271310 271310
3810 2653253 2381943 271310 271310
3820 2653253 2381943 271310 271310
3830 2653253 2381943 271310 271310
3840 2653253 2381943 271310 271310
3850 2653253 2381943 271310 271310
3860 2653253 2381943 271310 271310
3870 2653253 2381943 271310 271310
3880 2653253 2381943 271310 271310
3890 2653253 2381943 271310 271310
3900 2653253 2381943 271310 271310
3910 2653253 2381943 271310 271310
3920 2653253 2381943 271310 271310
3930 2653253 2381943 271310 271310
3940 2653253 2381943 271310 271310
3950 2653253 2381943 271310 271310
3960 2653253 2381943 271310 271310
3970 2653253 2381943 271310 271310
3980 2653253 2381943 271310 271310
3990 2653253 2381943 271310 271310
4000 2653253 2381943 271310 271310
4010 2653253 2381943 271310 271310
4020 2653253 2381943 271310 271310
4030 2653253 2381943 271310 271310
4040 2653253 2381943 271310 271310
4050 2653253 2381943 271310 271310
4060 2653253 2381943 271310 271310
4070 2653253 2381943 271310 271310
4080 2653253 2381943 271310 271310
4090 2653253 2381943 271310 271310
4100 2653253 2381943 271310 271310
4110 2653253 2381943 271310 271310
4120 2653253 2381943 271310 271310
4130 2653253 2381943 271310 271310
4140 2653253 2381943 271310 271310
4150 2653253 2381943 271310 271310
4160 2653253 2381943 271310 271310
4170 2653253 2381943 271310 271310
4180 2653253 2381943 271310 271310
4190 2653253 2381943 271310 271310
4200 2653253 2381943 271310 271310
4210 2653253 2381943 271310 271310
4220 2653253 2381943 271310 271310
4230 2653253 2381943 271310 271310
4240 2653253 2381943 271310 271310
4250 2653253 2381943 271310 271310
4260 2653253 2381943 271310 271310
4270 2653253 2381943 271310 271310
4280 2653253 2381943 271310 271310
4290 2653253 2381943 271310 271310
4300 2653253 2381943 271310 271310
4310 2653253 2381943 271310 271310
4320 2653253 2381943 271310 271310
4330 2653253 2381943 271310 271310
4340 2653253 2381943 271310 271310
4350 2653253 2381943 271310 271310
4360 2653253 2381943 271310 271310
4370 2653253 2381943 271310 271310
4380 2653253 2381943 271310 271310
4390 2653253 2381943 271310 271310
4400 2653253 2381943 271310 271310
4410 2653253 2381943 271310 271310
4420 2653253 2381943 271310 271310
4430 2653253 2381943 271310 271310
4440 2653253 2381943 271310 271310
4450 2653253 2381943 271310 271310
4460 2653253 2381943 271310 271310
4470 2653253 2381943 271310 271310
4480 2653253 2381943 271310 271310
4490 2653253 2381943 271310 271310
4500 2653253 2381943 271310 271310
4510 2653253 2381943 271310 271310
4520 2653253 2381943 271310 271310
4530 2653253 2381943 271310 271310
4540 2653253 2381943 271310 271310
4550 2653253 2381943 271310 271310
4560 2653253 2381943 271310 271310
4570 2653253 2381943 271310 271310
4580 2653253 2381943 271310 271310
4590 2653253 2381943 271310 271310
4600 2653253 2381943 271310 271310
4610 2653253 2381943 271310 271310
4620 2653253 2381943 271310 271310
4630 2653253 2381943 271310 271310
4640 2653253 2381943 271310 271310
4650 2653253 2381943 271310 271310
4660 2653253 2381943 271310 271310
4670 2653253 2381943 271310 271310
4680 2653253 2381943 271310 271310
4690 2653253 2381943 271310 271310
4700 2653253 2381943 271310 271310
4710 2653253 2381943 271310 271310
4720 2653253 2381943 271310 271310
4730 2653253 2381943 271310 271310
4740 2653253 2381943 271310 271310
4750 2653253 2381943 271310 271310
4760 2653253 2381943 271310 271310
4770 2653253 2381943 271310 271310
4780 2653253 2381943 271310 271310
4790 2653253 2381943 271310 271310
4800 2653253 2381943 271310 271310
4810 2653253 2381943 271310 271310
4820 2653253 2381943 271310 271310
4830 2653253 2381943 271310 271310
4840 2653253 2381943 271310 271310
4850 2653253 2381943 271310 271310
4860 2653253 2381943 271310 271310
4870 2653253 2381943 271310 271310
4880 2653253 2381943 271310 271310
4890 2653253 2381943 271310 271310
4900 2653253 2381943 271310 271310
4910 2653253 2381943 271310 271310
4920 2653253 2381943 271310 271310
4930 2653253 2381943 271310 271310
4940 2653253 2381943 271310 271310
4950 2653253 2381943 271310 271310
4960 2653253 2381943 271310 271310
4970 2653253 2381943 271310 271310
4980 2653253 2381943 271310 271310
4990 2653253 2381943 271310 271310
5000 2653253 2381943 271310 271310
5010 2653253 2381943 271310 271310
5020 2653253 2381943 271310 271310
5030 2653253 2381943 271310 271310
5040 2653253 2381943 271310 271310
5050 2653253 2381943 271310 271310
5060 2653253 2381943 271310 271310
5070 2653253 2381943 271310 271310
5080 2653253 2381943 271310 271310
5090 2653253 2381943 271310 271310
5100 2653253 2381943 271310 271310
5110 2653253 2381943 271310 271310
5120 2653253 2381943 271310 271310
5130 2653253 2381943 271310 271310
5140 2653253 2381943 271310 271310
5150 2653253 2381943 271310 271310
5160 2653253 2381943 271310 271310
5170 2653253 2381943 271310 271310
5180 2653253 2381943 271310 271310
5190 2653253 2381943 271310 271310
5200 2653253 2381943 271310 271310
5210 2653253 2381943 271310 271310
5220 2653253 2381943 271310 271310
5230 2653253 2381943 271310 271310
5240 2653253 2381943 271310 271310
5250 2653253 2381943 271310 271310
5260 2653253 2381943 271310 271310
5270 2653253 2381943 271310 271310
5280 2653253 2381943 271310 271310
5290 2653253 2381943 271310 271310
5300 2653253 2381943 271310 271310
5310 2653253 2381943 271310 271310
5320 2653253 2381943 271310 271310
5330 2653253 2381943 271310 271310
5340 2653253 2381943 271310 271310
5350 2653253 2381943 271310 271310
5360 2653253 2381943 271310 271310
5370 2653253 2381943 271310 271310
5380 2653253 2381943 271310 271310
5390 2653253 2381943 271310 271310
5400 2653253 2381943 271310 271310
5410 2653253 2381943 271310 271310
5420 2653253 2381943 271310 271310
5430 2653253 2381943 271310 271310
5440 2653253 2381943 271310 271310
5450 2653253 2381943 271310 271310
5460 2653253 2381943 271310 271310
5470 2653253 2381943 271310 271310
5480 2653253 2381943 271310 271310
5490 2653253 2381943 271310 271310
5500 2653253 2381943 271310 271310
5510 2653253 2381943 271310 271310
5520 2653253 2381943 271310 271310
5530 2653253 2381943 271310 271310
5540 2653253 2381943 271310 271310
5550 2653253 2381943 271310 271310
5560 2653253 2381943 271310 271310
5570 2653253 2381943 271310 271310
5580 2653253 2381943 271310 271310
5590 2653253 2381943 271310 271310
5600 2653253 2381943 271310 271310
5610 2653253 2381943 271310 271310
5620 2653253 2381943 271310 271310
5630 2653253 2381943 271310 271310
5640 2653253 2381943 271310 271310
5650 2653253 2381943 271310 271310
5660 2653253 2381943 271310 271310
5670 2653253 2381943 271310 271310
5680 2653253 2381943 271310 271310
5690 2653253 2381943 271310 271310
5700 2653253 2381943 271310 271310
5710 2653253 2381943 271310 271310
5720 2653253 2381943 271310 271310
5730 2653253 2381943 271310 271310
5740 2653253 2381943 271310 271310
5750 2653253 2381943 271310 271310
5760 2653253 2381943 271310 271310
5770 2653253 2381943 271310 271310
5780 2653253 2381943 271310 271310
5790 2653253 2381943 271310 271310
5800 2653253 2381943 271310 271310
5810 2653253 2381943 271310 271310
5820 2653253 2381943 271310 271310
5830 2653253 2381943 271310 271310
5840 2653253 2381943 271310 271310
5850 2653253 2381943 271310 271310
5860 2653253 2381943 271310 271310
5870 2653253 2381943 271310 271310
5880 2653253 2381943 271310 271310
5890 2653253 2381943 271310 271310
5900 2653253 2381943 271310 271310
5910 2653253 2381943 271310 271310
5920 2653253 2381943 271310 271310
5930 2653253 2381943 271310 271310
5940 2653253 2381943 271310 271310
5950 2653253 2381943 271310 271310
5960 2653253 2381943 271310 271310
5970 2653253 2381943 271310 271310
5980 2653253 2381943 271310 271310
5990 2653253 2381943 271310 271310
6000 2653253 2381943 271310 271310
6010 2653253 2381943 271310 271310
6020 2653253 2381943 271310 271310
6030 2653253 2381943 271310 271310
6040 2653253 2381943 271310 271310
6050 2653253 2381943 271310 271310
6060 2653253 2381943 271310 271310
6070 2653253 2381943 271310 271310
6080 2653253 2381943 271310 271310
6090 2653253 2381943 271310 271310
6100 2653253 2381943 271310 271310
6110 2653253 2381943 271310 271310
6120 2653253 2381943 271310 271310
6130 2653253 2381943 271310 271310
6140 2653253 2381943 271310 271310
6150 2653253 2381943 271310 271310
6160 2653253 2381943 271310 271310
6170 2653253 2381943 271310 271310
6180 2653253 2381943 271310 271310
6190 2653253 2381943 271310 271310
6200 2653253 2381943 271310 271310
6210 2653253 2381943 271310 271310
6220 2653253 2381943 271310 271310
6230 2653253 2381943 271310 271310
6240 2653253 2381943 271310 271310
6250 2653253 2381943 271310 271310
6260 2653253 2381943 271310 271310
6270 2653253 2381943 271310 271310
6280 2653253 2381943 271310 271310
6290 2653253 2381943 271310 271310
6300 2653253 2381943 271310 271310
6310 2653253 2381943 271310 271310
6320 2653253 2381943 271310 271310
6330 2653253 2381943 271310 271310
6340 2653253 2381943 271310 271310
6350 2653253 2381943 271310 271310
6360 2653253 2381943 271310 271310
6370 2653253 2381943 271310 271310
6380 2653253 2381943 271310 271310
6390 2653253 2381943 271310 271310
6400 2653253 2381943 271310 271310
6410 2653253 2381943 271310 271310
6420 2653253 2381943 271310 271310
6430 2653253 2381943 271310 271310
6440 2653253 2381943 271310 271310
6450 2653253 2381943 271310 271310
6460 2653253 2381943 271310 271310
6470 2653253 2381943 271310 271310
6480 2653253 2381943 271310 271310
6490 2653253 2381943 271310 271310
6500 2653253 2381943 271310 271310
6510 2653253 2381943 271310 271310
6520 2653253 2381943 271310 271310
6530 2653253 2381943 271310 271310
6540 2653253 2381943 271310 271310
6550 2653253 2381943 271310 271310
6560 2653253 2381943 271310 271310
6570 2653253 2381943 271310 271310
6580 2653253 2381943 271310 271310
6590 2653253 2381943 271310 271310
6600 2653253 2381943 271310 271310
6610 2653253 2381943 271310 271310
6620 2653253 2381943 271310 271310
6630 2653253 2381943 271310 271310
6640 2653253 2381943 271310 271310
6650 2653253 2381943 271310 271310
6660 2653253 2381943 271310 271310
6670 2653253 2381943 271310 271310
6680 2653253 2381943 271310 271310
6690 2653253 2381943 271310 271310
6700 2653253 2381943 271310 271310
6710 2653253 2381943 271310 271310
6720 2653253 2381943 271310 271310
6730 2653253 2381943 271310 271310
6740 2653253 2381943 271310 271310
6750 2653253 2381943 271310 271310
6760 2653253 2381943 271310 271310
6770 2653253 2381943 271310 271310
6780 2653253 2381943 271310 271310
6790 2653253 2381943 271310 271310
6800 2653253 2381943 271310 271310
6810 2653253 2381943 271310 271310
6820 2653253 2381943 271310 271310
6830 2653253 2381943 271310 271310
6840 2653253 2381943 271310 271310
6850 2653253 2381943 271310 271310
6860 2653253 2381943 271310 271310
6870 2653253 2381943 271310 271310
6880 2653253 2381943 271310 271310
6890 2653253 2381943 271310 271310
6900 2653253 2381943 271310 271310
6910 2653253 2381943 271310 271310
6920 2653253 2381943 271310 271310

